Maximise 0 [8, 0]
Maximise 0 [3, 0]
Assigning bandwidth : 0 [8, 0] 8.0
Assigning bandwidth : 0 [3, 0] 3.0
[25.0, 25.0, 8.0, 8.0, 20.0, 20.0, 22.0, 22.0, 25.0, 25.0, 7.0, 7.0, 13.0, 13.0, 21.0, 21.0, 22.0, 22.0, 15.0, 15.0, 27.0, 27.0, 12.0, 12.0, 8.0, 8.0, 23.0, 23.0, 22.0, 22.0, 17.0, 17.0, 9.0, 9.0, 14.0, 14.0, 30.0, 30.0, 18.0, 18.0, 8.0, 8.0, 20.0, 20.0, 11.0, 11.0, 26.0, 26.0, 18.0, 18.0, 19.0, 19.0, 20.0, 20.0, 16.0, 16.0, 28.0, 28.0, 0.0, 0.0, 0.0, 0.0, 0.0, 0.0, 11.0, 0.0, 0.0, 0.0, 0.0, 0.0, 0.0, 0.0, 11.0, 0.0, 0.0, 0.0, 0.0, 0.0, 0.0, 0.0, 0.0, 0.0, 0.0, 0.0, 0.0, 0.0]
[25.0, 25.0, 8.0, 5.0, 20.0, 20.0, 22.0, 14.0, 25.0, 25.0, 7.0, 7.0, 13.0, 13.0, 21.0, 21.0, 22.0, 22.0, 15.0, 15.0, 27.0, 27.0, 12.0, 9.0, 8.0, 8.0, 23.0, 23.0, 22.0, 22.0, 17.0, 17.0, 9.0, 9.0, 14.0, 14.0, 30.0, 30.0, 18.0, 18.0, 0.0, 8.0, 20.0, 20.0, 11.0, 11.0, 26.0, 26.0, 18.0, 18.0, 19.0, 19.0, 20.0, 20.0, 16.0, 16.0, 28.0, 28.0, 0.0, 0.0, 0.0, 0.0, 0.0, 0.0, 11.0, 0.0, 0.0, 0.0, 0.0, 0.0, 0.0, 0.0, 11.0, 0.0, 0.0, 0.0, 0.0, 0.0, 0.0, 0.0, 0.0, 0.0, 0.0, 0.0, 0.0, 0.0]
Maximise 1 [0, 10, 13, 11]
Maximise 1 [5, 3, 8, 12, 11]
Assigning bandwidth : 0 [8, 0] 8.0
Assigning bandwidth : 0 [3, 0] 3.0
Assigning bandwidth : 1 [0, 10, 13, 11] 15.0
Assigning bandwidth : 1 [5, 3, 8, 12, 11] 0.0
[25.0, 25.0, 8.0, 8.0, 20.0, 20.0, 22.0, 22.0, 25.0, 25.0, 7.0, 7.0, 13.0, 13.0, 21.0, 21.0, 22.0, 22.0, 15.0, 15.0, 27.0, 27.0, 12.0, 12.0, 8.0, 8.0, 23.0, 23.0, 22.0, 22.0, 17.0, 17.0, 9.0, 9.0, 14.0, 14.0, 30.0, 30.0, 18.0, 18.0, 8.0, 8.0, 20.0, 20.0, 11.0, 11.0, 26.0, 26.0, 18.0, 18.0, 19.0, 19.0, 20.0, 20.0, 16.0, 16.0, 28.0, 28.0, 0.0, 0.0, 15.0, 0.0, 0.0, 0.0, 11.0, 0.0, 0.0, 0.0, 0.0, 0.0, 0.0, 0.0, 11.0, 0.0, 0.0, 0.0, 0.0, 0.0, 0.0, 0.0, 0.0, 0.0, 0.0, 15.0, 0.0, 0.0]
[25.0, 10.0, 8.0, 5.0, 20.0, 20.0, 22.0, 14.0, 10.0, 25.0, 7.0, 7.0, 13.0, 13.0, 21.0, 21.0, 22.0, 22.0, 15.0, 15.0, 27.0, 27.0, 12.0, 9.0, 8.0, 8.0, 23.0, 23.0, 22.0, 22.0, 17.0, 17.0, 9.0, 9.0, 14.0, 14.0, 30.0, 30.0, 18.0, 18.0, 0.0, 8.0, 20.0, 20.0, 11.0, 11.0, 26.0, 26.0, 18.0, 18.0, 19.0, 19.0, 5.0, 20.0, 16.0, 16.0, 28.0, 13.0, 0.0, 0.0, 15.0, 0.0, 0.0, 0.0, 11.0, 0.0, 0.0, 0.0, 0.0, 0.0, 0.0, 0.0, 11.0, 0.0, 0.0, 0.0, 0.0, 0.0, 0.0, 0.0, 0.0, 0.0, 0.0, 15.0, 0.0, 0.0]
Maximise 2 [4]
Maximise 2 [0, 4]
Assigning bandwidth : 0 [8, 0] 8.0
Assigning bandwidth : 0 [3, 0] 3.0
Assigning bandwidth : 1 [0, 10, 13, 11] 15.0
Assigning bandwidth : 1 [5, 3, 8, 12, 11] 0.0
Assigning bandwidth : 2 [4] 10.0
Assigning bandwidth : 2 [0, 4] 0.0
[25.0, 25.0, 8.0, 8.0, 20.0, 20.0, 22.0, 22.0, 25.0, 25.0, 7.0, 7.0, 13.0, 13.0, 21.0, 21.0, 22.0, 22.0, 15.0, 15.0, 27.0, 27.0, 12.0, 12.0, 8.0, 8.0, 23.0, 23.0, 22.0, 22.0, 17.0, 17.0, 9.0, 9.0, 14.0, 14.0, 30.0, 30.0, 18.0, 18.0, 8.0, 8.0, 20.0, 20.0, 11.0, 11.0, 26.0, 26.0, 18.0, 18.0, 19.0, 19.0, 20.0, 20.0, 16.0, 16.0, 28.0, 28.0, 0.0, 0.0, 15.0, 10.0, 0.0, 0.0, 11.0, 0.0, 0.0, 0.0, 0.0, 0.0, 0.0, 0.0, 11.0, 0.0, 0.0, 0.0, 10.0, 0.0, 0.0, 0.0, 0.0, 0.0, 0.0, 15.0, 0.0, 0.0]
[25.0, 10.0, 8.0, 5.0, 20.0, 20.0, 22.0, 14.0, 10.0, 25.0, 7.0, 7.0, 13.0, 13.0, 21.0, 21.0, 22.0, 22.0, 5.0, 15.0, 27.0, 27.0, 12.0, 9.0, 8.0, 8.0, 23.0, 23.0, 22.0, 22.0, 17.0, 17.0, 9.0, 9.0, 14.0, 14.0, 30.0, 30.0, 18.0, 18.0, 0.0, 8.0, 20.0, 20.0, 11.0, 11.0, 26.0, 26.0, 18.0, 18.0, 19.0, 19.0, 5.0, 20.0, 16.0, 16.0, 28.0, 13.0, 0.0, 0.0, 15.0, 10.0, 0.0, 0.0, 11.0, 0.0, 0.0, 0.0, 0.0, 0.0, 0.0, 0.0, 11.0, 0.0, 0.0, 0.0, 10.0, 0.0, 0.0, 0.0, 0.0, 0.0, 0.0, 15.0, 0.0, 0.0]
Maximise 3 [3, 4, 1]
Maximise 3 [3, 1]
Assigning bandwidth : 0 [8, 0] 8.0
Assigning bandwidth : 0 [3, 0] 3.0
Assigning bandwidth : 1 [0, 10, 13, 11] 15.0
Assigning bandwidth : 1 [5, 3, 8, 12, 11] 0.0
Assigning bandwidth : 2 [4] 5.0
Assigning bandwidth : 2 [0, 4] 5.0
Assigning bandwidth : 3 [3, 4, 1] 10.0
Assigning bandwidth : 3 [3, 1] 3.0
[25.0, 25.0, 8.0, 8.0, 20.0, 20.0, 22.0, 22.0, 25.0, 25.0, 7.0, 7.0, 13.0, 13.0, 21.0, 21.0, 22.0, 22.0, 15.0, 15.0, 27.0, 27.0, 12.0, 12.0, 8.0, 8.0, 23.0, 23.0, 22.0, 22.0, 17.0, 17.0, 9.0, 9.0, 14.0, 14.0, 30.0, 30.0, 18.0, 18.0, 8.0, 8.0, 20.0, 20.0, 11.0, 11.0, 26.0, 26.0, 18.0, 18.0, 19.0, 19.0, 20.0, 20.0, 16.0, 16.0, 28.0, 28.0, 0.0, 0.0, 15.0, 10.0, 0.0, 0.0, 11.0, 0.0, 0.0, 0.0, 0.0, 0.0, 13.0, 0.0, 11.0, 13.0, 0.0, 0.0, 10.0, 0.0, 0.0, 0.0, 0.0, 0.0, 0.0, 15.0, 0.0, 0.0]
[25.0, 10.0, 8.0, 0.0, 15.0, 20.0, 22.0, 14.0, 10.0, 25.0, 7.0, 4.0, 13.0, 3.0, 21.0, 21.0, 22.0, 22.0, 0.0, 15.0, 27.0, 27.0, 12.0, 9.0, 8.0, 8.0, 23.0, 23.0, 22.0, 9.0, 17.0, 17.0, 9.0, 9.0, 14.0, 14.0, 30.0, 30.0, 18.0, 18.0, 0.0, 8.0, 20.0, 20.0, 11.0, 11.0, 26.0, 26.0, 18.0, 18.0, 19.0, 19.0, 5.0, 20.0, 16.0, 16.0, 28.0, 13.0, 0.0, 0.0, 15.0, 10.0, 0.0, 0.0, 11.0, 0.0, 0.0, 0.0, 0.0, 0.0, 13.0, 0.0, 11.0, 13.0, 0.0, 0.0, 10.0, 0.0, 0.0, 0.0, 0.0, 0.0, 0.0, 15.0, 0.0, 0.0]
Maximise 4 [4, 5]
Maximise 4 [3, 4, 5]
Assigning bandwidth : 0 [8, 0] 8.0
Assigning bandwidth : 0 [3, 0] 3.0
Assigning bandwidth : 1 [0, 10, 13, 11] 15.0
Assigning bandwidth : 1 [5, 3, 8, 12, 11] 0.0
Assigning bandwidth : 2 [4] 5.0
Assigning bandwidth : 2 [0, 4] 5.0
Assigning bandwidth : 3 [3, 4, 1] 10.0
Assigning bandwidth : 3 [3, 1] 3.0
Assigning bandwidth : 4 [4, 5] 17.0
Assigning bandwidth : 4 [3, 4, 5] 0.0
[25.0, 25.0, 8.0, 8.0, 20.0, 20.0, 22.0, 22.0, 25.0, 25.0, 7.0, 7.0, 13.0, 13.0, 21.0, 21.0, 22.0, 22.0, 15.0, 15.0, 27.0, 27.0, 12.0, 12.0, 8.0, 8.0, 23.0, 23.0, 22.0, 22.0, 17.0, 17.0, 9.0, 9.0, 14.0, 14.0, 30.0, 30.0, 18.0, 18.0, 8.0, 8.0, 20.0, 20.0, 11.0, 11.0, 26.0, 26.0, 18.0, 18.0, 19.0, 19.0, 20.0, 20.0, 16.0, 16.0, 28.0, 28.0, 0.0, 0.0, 15.0, 10.0, 0.0, 0.0, 11.0, 0.0, 19.0, 0.0, 0.0, 0.0, 13.0, 0.0, 11.0, 13.0, 0.0, 0.0, 10.0, 19.0, 0.0, 0.0, 0.0, 0.0, 0.0, 15.0, 0.0, 0.0]
[25.0, 10.0, 8.0, 0.0, 15.0, 20.0, 22.0, 14.0, 10.0, 25.0, 7.0, 4.0, 13.0, 3.0, 21.0, 21.0, 22.0, 22.0, 0.0, 15.0, 27.0, 27.0, 12.0, 9.0, 8.0, 8.0, 23.0, 23.0, 22.0, 9.0, 0.0, 17.0, 9.0, 9.0, 14.0, 14.0, 30.0, 13.0, 18.0, 18.0, 0.0, 8.0, 20.0, 20.0, 11.0, 11.0, 26.0, 26.0, 18.0, 18.0, 19.0, 19.0, 5.0, 20.0, 16.0, 16.0, 28.0, 13.0, 0.0, 0.0, 15.0, 10.0, 0.0, 0.0, 11.0, 0.0, 19.0, 0.0, 0.0, 0.0, 13.0, 0.0, 11.0, 13.0, 0.0, 0.0, 10.0, 19.0, 0.0, 0.0, 0.0, 0.0, 0.0, 15.0, 0.0, 0.0]
Maximise 5 [7, 8, 0, 10]
Maximise 5 [7, 4, 0, 10]
Assigning bandwidth : 0 [8, 0] 8.0
Assigning bandwidth : 0 [3, 0] 3.0
Assigning bandwidth : 1 [0, 10, 13, 11] 14.0
Assigning bandwidth : 1 [5, 3, 8, 12, 11] 1.0
Assigning bandwidth : 2 [4] 5.0
Assigning bandwidth : 2 [0, 4] 5.0
Assigning bandwidth : 3 [3, 4, 1] 10.0
Assigning bandwidth : 3 [3, 1] 3.0
Assigning bandwidth : 4 [4, 5] 17.0
Assigning bandwidth : 4 [3, 4, 5] 0.0
Assigning bandwidth : 5 [7, 8, 0, 10] 11.0
Assigning bandwidth : 5 [7, 4, 0, 10] 0.0
[25.0, 25.0, 8.0, 8.0, 20.0, 20.0, 22.0, 22.0, 25.0, 25.0, 7.0, 7.0, 13.0, 13.0, 21.0, 21.0, 22.0, 22.0, 15.0, 15.0, 27.0, 27.0, 12.0, 12.0, 8.0, 8.0, 23.0, 23.0, 22.0, 22.0, 17.0, 17.0, 9.0, 9.0, 14.0, 14.0, 30.0, 30.0, 18.0, 18.0, 8.0, 8.0, 20.0, 20.0, 11.0, 11.0, 26.0, 26.0, 18.0, 18.0, 19.0, 19.0, 20.0, 20.0, 16.0, 16.0, 28.0, 28.0, 0.0, 0.0, 15.0, 10.0, 0.0, 0.0, 11.0, 0.0, 19.0, 0.0, 0.0, 0.0, 13.0, 12.0, 11.0, 13.0, 0.0, 0.0, 10.0, 19.0, 0.0, 0.0, 0.0, 0.0, 12.0, 15.0, 0.0, 0.0]
[25.0, 11.0, 8.0, 0.0, 15.0, 20.0, 22.0, 3.0, 0.0, 25.0, 7.0, 4.0, 13.0, 3.0, 21.0, 21.0, 21.0, 22.0, 0.0, 15.0, 27.0, 26.0, 12.0, 9.0, 7.0, 8.0, 23.0, 23.0, 22.0, 9.0, 0.0, 17.0, 9.0, 9.0, 14.0, 14.0, 30.0, 13.0, 18.0, 18.0, 0.0, 8.0, 9.0, 20.0, 11.0, 0.0, 26.0, 26.0, 17.0, 18.0, 19.0, 19.0, 6.0, 20.0, 16.0, 15.0, 28.0, 14.0, 0.0, 0.0, 15.0, 10.0, 0.0, 0.0, 11.0, 0.0, 19.0, 0.0, 0.0, 0.0, 13.0, 12.0, 11.0, 13.0, 0.0, 0.0, 10.0, 19.0, 0.0, 0.0, 0.0, 0.0, 12.0, 15.0, 0.0, 0.0]
Maximise 6 [8, 9]
Maximise 6 [6, 8, 9]
Assigning bandwidth : 0 [8, 0] 8.0
Assigning bandwidth : 0 [3, 0] 3.0
Assigning bandwidth : 1 [0, 10, 13, 11] 14.0
Assigning bandwidth : 1 [5, 3, 8, 12, 11] 1.0
Assigning bandwidth : 2 [4] 5.0
Assigning bandwidth : 2 [0, 4] 5.0
Assigning bandwidth : 3 [3, 4, 1] 10.0
Assigning bandwidth : 3 [3, 1] 3.0
Assigning bandwidth : 4 [4, 5] 17.0
Assigning bandwidth : 4 [3, 4, 5] 0.0
Assigning bandwidth : 5 [7, 8, 0, 10] 1.0
Assigning bandwidth : 5 [7, 4, 0, 10] 10.0
Assigning bandwidth : 6 [8, 9] 19.0
Assigning bandwidth : 6 [6, 8, 9] 0.0
[25.0, 25.0, 8.0, 8.0, 20.0, 20.0, 22.0, 22.0, 25.0, 25.0, 7.0, 7.0, 13.0, 13.0, 21.0, 21.0, 22.0, 22.0, 15.0, 15.0, 27.0, 27.0, 12.0, 12.0, 8.0, 8.0, 23.0, 23.0, 22.0, 22.0, 17.0, 17.0, 9.0, 9.0, 14.0, 14.0, 30.0, 30.0, 18.0, 18.0, 8.0, 8.0, 20.0, 20.0, 11.0, 11.0, 26.0, 26.0, 18.0, 18.0, 19.0, 19.0, 20.0, 20.0, 16.0, 16.0, 28.0, 28.0, 0.0, 0.0, 15.0, 10.0, 0.0, 0.0, 11.0, 19.0, 19.0, 0.0, 0.0, 0.0, 13.0, 12.0, 11.0, 13.0, 0.0, 0.0, 10.0, 19.0, 0.0, 0.0, 0.0, 19.0, 12.0, 15.0, 0.0, 0.0]
[25.0, 11.0, 8.0, 0.0, 15.0, 10.0, 22.0, 13.0, 0.0, 25.0, 7.0, 4.0, 13.0, 3.0, 21.0, 21.0, 21.0, 22.0, 0.0, 15.0, 27.0, 26.0, 12.0, 9.0, 7.0, 8.0, 23.0, 23.0, 22.0, 9.0, 0.0, 17.0, 9.0, 9.0, 14.0, 4.0, 30.0, 13.0, 18.0, 18.0, 0.0, 8.0, 0.0, 20.0, 11.0, 0.0, 7.0, 26.0, 17.0, 18.0, 19.0, 19.0, 6.0, 20.0, 16.0, 15.0, 28.0, 14.0, 0.0, 0.0, 15.0, 10.0, 0.0, 0.0, 11.0, 19.0, 19.0, 0.0, 0.0, 0.0, 13.0, 12.0, 11.0, 13.0, 0.0, 0.0, 10.0, 19.0, 0.0, 0.0, 0.0, 19.0, 12.0, 15.0, 0.0, 0.0]
Assigning bandwidth : 0 [8, 0] 8.0
Assigning bandwidth : 0 [3, 0] 3.0
Assigning bandwidth : 1 [0, 10, 13, 11] 14.0
Assigning bandwidth : 1 [5, 3, 8, 12, 11] 1.0
Assigning bandwidth : 3 [3, 4, 1] 13.0
Assigning bandwidth : 3 [3, 1] 0.0
Assigning bandwidth : 4 [4, 5] 17.0
Assigning bandwidth : 4 [3, 4, 5] 0.0
Assigning bandwidth : 5 [7, 8, 0, 10] 1.0
Assigning bandwidth : 5 [7, 4, 0, 10] 10.0
Assigning bandwidth : 6 [8, 9] 19.0
Assigning bandwidth : 6 [6, 8, 9] 0.0
[25.0, 25.0, 8.0, 8.0, 20.0, 20.0, 22.0, 22.0, 25.0, 25.0, 7.0, 7.0, 13.0, 13.0, 21.0, 21.0, 22.0, 22.0, 15.0, 15.0, 27.0, 27.0, 12.0, 12.0, 8.0, 8.0, 23.0, 23.0, 22.0, 22.0, 17.0, 17.0, 9.0, 9.0, 14.0, 14.0, 30.0, 30.0, 18.0, 18.0, 8.0, 8.0, 20.0, 20.0, 11.0, 11.0, 26.0, 26.0, 18.0, 18.0, 19.0, 19.0, 20.0, 20.0, 16.0, 16.0, 28.0, 28.0, 0.0, 0.0, 15.0, 0.0, 0.0, 0.0, 11.0, 19.0, 19.0, 0.0, 0.0, 0.0, 13.0, 12.0, 11.0, 13.0, 0.0, 0.0, 0.0, 19.0, 0.0, 0.0, 0.0, 19.0, 12.0, 15.0, 0.0, 0.0]
[25.0, 11.0, 8.0, 5.0, 20.0, 10.0, 22.0, 13.0, 0.0, 25.0, 7.0, 7.0, 13.0, 0.0, 21.0, 21.0, 21.0, 22.0, 2.0, 15.0, 27.0, 26.0, 12.0, 9.0, 7.0, 8.0, 23.0, 23.0, 22.0, 9.0, 0.0, 17.0, 9.0, 9.0, 14.0, 4.0, 30.0, 13.0, 18.0, 18.0, 0.0, 8.0, 0.0, 20.0, 11.0, 0.0, 7.0, 26.0, 17.0, 18.0, 19.0, 19.0, 6.0, 20.0, 16.0, 15.0, 28.0, 14.0, 0.0, 0.0, 15.0, 0.0, 0.0, 0.0, 11.0, 19.0, 19.0, 0.0, 0.0, 0.0, 13.0, 12.0, 11.0, 13.0, 0.0, 0.0, 0.0, 19.0, 0.0, 0.0, 0.0, 19.0, 12.0, 15.0, 0.0, 0.0]
Assigning bandwidth : 1 [0, 10, 13, 11] 14.0
Assigning bandwidth : 1 [5, 3, 8, 12, 11] 1.0
Assigning bandwidth : 3 [3, 4, 1] 13.0
Assigning bandwidth : 3 [3, 1] 0.0
Assigning bandwidth : 4 [4, 5] 17.0
Assigning bandwidth : 4 [3, 4, 5] 0.0
Assigning bandwidth : 5 [7, 8, 0, 10] 1.0
Assigning bandwidth : 5 [7, 4, 0, 10] 10.0
Assigning bandwidth : 6 [8, 9] 19.0
Assigning bandwidth : 6 [6, 8, 9] 0.0
[25.0, 25.0, 8.0, 8.0, 20.0, 20.0, 22.0, 22.0, 25.0, 25.0, 7.0, 7.0, 13.0, 13.0, 21.0, 21.0, 22.0, 22.0, 15.0, 15.0, 27.0, 27.0, 12.0, 12.0, 8.0, 8.0, 23.0, 23.0, 22.0, 22.0, 17.0, 17.0, 9.0, 9.0, 14.0, 14.0, 30.0, 30.0, 18.0, 18.0, 8.0, 8.0, 20.0, 20.0, 11.0, 11.0, 26.0, 26.0, 18.0, 18.0, 19.0, 19.0, 20.0, 20.0, 16.0, 16.0, 28.0, 28.0, 0.0, 0.0, 15.0, 0.0, 0.0, 0.0, 0.0, 19.0, 19.0, 0.0, 0.0, 0.0, 13.0, 12.0, 0.0, 13.0, 0.0, 0.0, 0.0, 19.0, 0.0, 0.0, 0.0, 19.0, 12.0, 15.0, 0.0, 0.0]
[25.0, 11.0, 8.0, 8.0, 20.0, 10.0, 22.0, 21.0, 0.0, 25.0, 7.0, 7.0, 13.0, 0.0, 21.0, 21.0, 21.0, 22.0, 2.0, 15.0, 27.0, 26.0, 12.0, 12.0, 7.0, 8.0, 23.0, 23.0, 22.0, 9.0, 0.0, 17.0, 9.0, 9.0, 14.0, 4.0, 30.0, 13.0, 18.0, 18.0, 8.0, 8.0, 0.0, 20.0, 11.0, 0.0, 7.0, 26.0, 17.0, 18.0, 19.0, 19.0, 6.0, 20.0, 16.0, 15.0, 28.0, 14.0, 0.0, 0.0, 15.0, 0.0, 0.0, 0.0, 0.0, 19.0, 19.0, 0.0, 0.0, 0.0, 13.0, 12.0, 0.0, 13.0, 0.0, 0.0, 0.0, 19.0, 0.0, 0.0, 0.0, 19.0, 12.0, 15.0, 0.0, 0.0]
Assigning bandwidth : 1 [0, 10, 13, 11] 14.0
Assigning bandwidth : 1 [5, 3, 8, 12, 11] 1.0
Assigning bandwidth : 3 [3, 4, 1] 13.0
Assigning bandwidth : 3 [3, 1] 0.0
Assigning bandwidth : 5 [7, 8, 0, 10] 1.0
Assigning bandwidth : 5 [7, 4, 0, 10] 10.0
Assigning bandwidth : 6 [8, 9] 19.0
Assigning bandwidth : 6 [6, 8, 9] 0.0
[25.0, 25.0, 8.0, 8.0, 20.0, 20.0, 22.0, 22.0, 25.0, 25.0, 7.0, 7.0, 13.0, 13.0, 21.0, 21.0, 22.0, 22.0, 15.0, 15.0, 27.0, 27.0, 12.0, 12.0, 8.0, 8.0, 23.0, 23.0, 22.0, 22.0, 17.0, 17.0, 9.0, 9.0, 14.0, 14.0, 30.0, 30.0, 18.0, 18.0, 8.0, 8.0, 20.0, 20.0, 11.0, 11.0, 26.0, 26.0, 18.0, 18.0, 19.0, 19.0, 20.0, 20.0, 16.0, 16.0, 28.0, 28.0, 0.0, 0.0, 15.0, 0.0, 0.0, 0.0, 0.0, 19.0, 0.0, 0.0, 0.0, 0.0, 13.0, 12.0, 0.0, 13.0, 0.0, 0.0, 0.0, 0.0, 0.0, 0.0, 0.0, 19.0, 12.0, 15.0, 0.0, 0.0]
[25.0, 11.0, 8.0, 8.0, 20.0, 10.0, 22.0, 21.0, 0.0, 25.0, 7.0, 7.0, 13.0, 0.0, 21.0, 21.0, 21.0, 22.0, 2.0, 15.0, 27.0, 26.0, 12.0, 12.0, 7.0, 8.0, 23.0, 23.0, 22.0, 9.0, 17.0, 17.0, 9.0, 9.0, 14.0, 4.0, 30.0, 30.0, 18.0, 18.0, 8.0, 8.0, 0.0, 20.0, 11.0, 0.0, 7.0, 26.0, 17.0, 18.0, 19.0, 19.0, 6.0, 20.0, 16.0, 15.0, 28.0, 14.0, 0.0, 0.0, 15.0, 0.0, 0.0, 0.0, 0.0, 19.0, 0.0, 0.0, 0.0, 0.0, 13.0, 12.0, 0.0, 13.0, 0.0, 0.0, 0.0, 0.0, 0.0, 0.0, 0.0, 19.0, 12.0, 15.0, 0.0, 0.0]
Assigning bandwidth : 3 [3, 4, 1] 13.0
Assigning bandwidth : 3 [3, 1] 0.0
Assigning bandwidth : 5 [7, 8, 0, 10] 1.0
Assigning bandwidth : 5 [7, 4, 0, 10] 10.0
Assigning bandwidth : 6 [8, 9] 19.0
Assigning bandwidth : 6 [6, 8, 9] 0.0
[25.0, 25.0, 8.0, 8.0, 20.0, 20.0, 22.0, 22.0, 25.0, 25.0, 7.0, 7.0, 13.0, 13.0, 21.0, 21.0, 22.0, 22.0, 15.0, 15.0, 27.0, 27.0, 12.0, 12.0, 8.0, 8.0, 23.0, 23.0, 22.0, 22.0, 17.0, 17.0, 9.0, 9.0, 14.0, 14.0, 30.0, 30.0, 18.0, 18.0, 8.0, 8.0, 20.0, 20.0, 11.0, 11.0, 26.0, 26.0, 18.0, 18.0, 19.0, 19.0, 20.0, 20.0, 16.0, 16.0, 28.0, 28.0, 0.0, 0.0, 0.0, 0.0, 0.0, 0.0, 0.0, 19.0, 0.0, 0.0, 0.0, 0.0, 13.0, 12.0, 0.0, 13.0, 0.0, 0.0, 0.0, 0.0, 0.0, 0.0, 0.0, 19.0, 12.0, 0.0, 0.0, 0.0]
[25.0, 25.0, 8.0, 8.0, 20.0, 10.0, 22.0, 21.0, 14.0, 25.0, 7.0, 7.0, 13.0, 0.0, 21.0, 21.0, 22.0, 22.0, 2.0, 15.0, 27.0, 27.0, 12.0, 12.0, 8.0, 8.0, 23.0, 23.0, 22.0, 9.0, 17.0, 17.0, 9.0, 9.0, 14.0, 4.0, 30.0, 30.0, 18.0, 18.0, 8.0, 8.0, 0.0, 20.0, 11.0, 0.0, 7.0, 26.0, 18.0, 18.0, 19.0, 19.0, 20.0, 20.0, 16.0, 16.0, 28.0, 28.0, 0.0, 0.0, 0.0, 0.0, 0.0, 0.0, 0.0, 19.0, 0.0, 0.0, 0.0, 0.0, 13.0, 12.0, 0.0, 13.0, 0.0, 0.0, 0.0, 0.0, 0.0, 0.0, 0.0, 19.0, 12.0, 0.0, 0.0, 0.0]
Assigning bandwidth : 5 [7, 8, 0, 10] 1.0
Assigning bandwidth : 5 [7, 4, 0, 10] 10.0
Assigning bandwidth : 6 [8, 9] 19.0
Assigning bandwidth : 6 [6, 8, 9] 0.0
[25.0, 25.0, 8.0, 8.0, 20.0, 20.0, 22.0, 22.0, 25.0, 25.0, 7.0, 7.0, 13.0, 13.0, 21.0, 21.0, 22.0, 22.0, 15.0, 15.0, 27.0, 27.0, 12.0, 12.0, 8.0, 8.0, 23.0, 23.0, 22.0, 22.0, 17.0, 17.0, 9.0, 9.0, 14.0, 14.0, 30.0, 30.0, 18.0, 18.0, 8.0, 8.0, 20.0, 20.0, 11.0, 11.0, 26.0, 26.0, 18.0, 18.0, 19.0, 19.0, 20.0, 20.0, 16.0, 16.0, 28.0, 28.0, 0.0, 0.0, 0.0, 0.0, 0.0, 0.0, 0.0, 19.0, 0.0, 0.0, 0.0, 0.0, 0.0, 12.0, 0.0, 0.0, 0.0, 0.0, 0.0, 0.0, 0.0, 0.0, 0.0, 19.0, 12.0, 0.0, 0.0, 0.0]
[25.0, 25.0, 8.0, 8.0, 20.0, 10.0, 22.0, 21.0, 14.0, 25.0, 7.0, 7.0, 13.0, 13.0, 21.0, 21.0, 22.0, 22.0, 15.0, 15.0, 27.0, 27.0, 12.0, 12.0, 8.0, 8.0, 23.0, 23.0, 22.0, 22.0, 17.0, 17.0, 9.0, 9.0, 14.0, 4.0, 30.0, 30.0, 18.0, 18.0, 8.0, 8.0, 0.0, 20.0, 11.0, 0.0, 7.0, 26.0, 18.0, 18.0, 19.0, 19.0, 20.0, 20.0, 16.0, 16.0, 28.0, 28.0, 0.0, 0.0, 0.0, 0.0, 0.0, 0.0, 0.0, 19.0, 0.0, 0.0, 0.0, 0.0, 0.0, 12.0, 0.0, 0.0, 0.0, 0.0, 0.0, 0.0, 0.0, 0.0, 0.0, 19.0, 12.0, 0.0, 0.0, 0.0]
Assigning bandwidth : 5 [7, 8, 0, 10] 11.0
Assigning bandwidth : 5 [7, 4, 0, 10] 0.0
[25.0, 25.0, 8.0, 8.0, 20.0, 20.0, 22.0, 22.0, 25.0, 25.0, 7.0, 7.0, 13.0, 13.0, 21.0, 21.0, 22.0, 22.0, 15.0, 15.0, 27.0, 27.0, 12.0, 12.0, 8.0, 8.0, 23.0, 23.0, 22.0, 22.0, 17.0, 17.0, 9.0, 9.0, 14.0, 14.0, 30.0, 30.0, 18.0, 18.0, 8.0, 8.0, 20.0, 20.0, 11.0, 11.0, 26.0, 26.0, 18.0, 18.0, 19.0, 19.0, 20.0, 20.0, 16.0, 16.0, 28.0, 28.0, 0.0, 0.0, 0.0, 0.0, 0.0, 0.0, 0.0, 0.0, 0.0, 0.0, 0.0, 0.0, 0.0, 12.0, 0.0, 0.0, 0.0, 0.0, 0.0, 0.0, 0.0, 0.0, 0.0, 0.0, 12.0, 0.0, 0.0, 0.0]
[25.0, 25.0, 8.0, 8.0, 20.0, 20.0, 22.0, 11.0, 14.0, 25.0, 7.0, 7.0, 13.0, 13.0, 21.0, 21.0, 22.0, 22.0, 15.0, 15.0, 27.0, 27.0, 12.0, 12.0, 8.0, 8.0, 23.0, 23.0, 22.0, 22.0, 17.0, 17.0, 9.0, 9.0, 14.0, 14.0, 30.0, 30.0, 18.0, 18.0, 8.0, 8.0, 9.0, 20.0, 11.0, 0.0, 26.0, 26.0, 18.0, 18.0, 19.0, 19.0, 20.0, 20.0, 16.0, 16.0, 28.0, 28.0, 0.0, 0.0, 0.0, 0.0, 0.0, 0.0, 0.0, 0.0, 0.0, 0.0, 0.0, 0.0, 0.0, 12.0, 0.0, 0.0, 0.0, 0.0, 0.0, 0.0, 0.0, 0.0, 0.0, 0.0, 12.0, 0.0, 0.0, 0.0]
[25.0, 25.0, 8.0, 8.0, 20.0, 20.0, 22.0, 22.0, 25.0, 25.0, 7.0, 7.0, 13.0, 13.0, 21.0, 21.0, 22.0, 22.0, 15.0, 15.0, 27.0, 27.0, 12.0, 12.0, 8.0, 8.0, 23.0, 23.0, 22.0, 22.0, 17.0, 17.0, 9.0, 9.0, 14.0, 14.0, 30.0, 30.0, 18.0, 18.0, 8.0, 8.0, 20.0, 20.0, 11.0, 11.0, 26.0, 26.0, 18.0, 18.0, 19.0, 19.0, 20.0, 20.0, 16.0, 16.0, 28.0, 28.0, 0.0, 0.0, 0.0, 0.0, 0.0, 0.0, 0.0, 0.0, 0.0, 0.0, 0.0, 0.0, 0.0, 0.0, 0.0, 0.0, 0.0, 0.0, 0.0, 0.0, 0.0, 0.0, 0.0, 0.0, 0.0, 0.0, 0.0, 0.0]
[25.0, 25.0, 8.0, 8.0, 20.0, 20.0, 22.0, 22.0, 25.0, 25.0, 7.0, 7.0, 13.0, 13.0, 21.0, 21.0, 22.0, 22.0, 15.0, 15.0, 27.0, 27.0, 12.0, 12.0, 8.0, 8.0, 23.0, 23.0, 22.0, 22.0, 17.0, 17.0, 9.0, 9.0, 14.0, 14.0, 30.0, 30.0, 18.0, 18.0, 8.0, 8.0, 20.0, 20.0, 11.0, 11.0, 26.0, 26.0, 18.0, 18.0, 19.0, 19.0, 20.0, 20.0, 16.0, 16.0, 28.0, 28.0, 0.0, 0.0, 0.0, 0.0, 0.0, 0.0, 0.0, 0.0, 0.0, 0.0, 0.0, 0.0, 0.0, 0.0, 0.0, 0.0, 0.0, 0.0, 0.0, 0.0, 0.0, 0.0, 0.0, 0.0, 0.0, 0.0, 0.0, 0.0]
Maximise 0 [0, 3, 6]
Maximise 0 [5, 3, 6]
Assigning bandwidth : 0 [0, 3, 6] 8.0
Assigning bandwidth : 0 [5, 3, 6] 4.0
[25.0, 25.0, 8.0, 8.0, 20.0, 20.0, 22.0, 22.0, 25.0, 25.0, 7.0, 7.0, 13.0, 13.0, 21.0, 21.0, 22.0, 22.0, 15.0, 15.0, 27.0, 27.0, 12.0, 12.0, 8.0, 8.0, 23.0, 23.0, 22.0, 22.0, 17.0, 17.0, 9.0, 9.0, 14.0, 14.0, 30.0, 30.0, 18.0, 18.0, 8.0, 8.0, 20.0, 20.0, 11.0, 11.0, 26.0, 26.0, 18.0, 18.0, 19.0, 19.0, 20.0, 20.0, 16.0, 16.0, 28.0, 28.0, 0.0, 0.0, 18.0, 0.0, 0.0, 0.0, 0.0, 0.0, 0.0, 0.0, 0.0, 0.0, 0.0, 0.0, 0.0, 0.0, 0.0, 0.0, 0.0, 0.0, 18.0, 0.0, 0.0, 0.0, 0.0, 0.0, 0.0, 0.0]
[25.0, 17.0, 0.0, 8.0, 20.0, 20.0, 22.0, 22.0, 25.0, 25.0, 7.0, 7.0, 13.0, 13.0, 21.0, 21.0, 18.0, 22.0, 15.0, 15.0, 27.0, 23.0, 0.0, 12.0, 8.0, 8.0, 23.0, 23.0, 22.0, 22.0, 17.0, 17.0, 9.0, 9.0, 14.0, 14.0, 30.0, 30.0, 18.0, 18.0, 8.0, 8.0, 20.0, 20.0, 11.0, 11.0, 26.0, 26.0, 18.0, 18.0, 19.0, 19.0, 20.0, 20.0, 16.0, 16.0, 28.0, 28.0, 0.0, 0.0, 18.0, 0.0, 0.0, 0.0, 0.0, 0.0, 0.0, 0.0, 0.0, 0.0, 0.0, 0.0, 0.0, 0.0, 0.0, 0.0, 0.0, 0.0, 18.0, 0.0, 0.0, 0.0, 0.0, 0.0, 0.0, 0.0]
Maximise 1 [9]
Maximise 1 [12, 9]
Assigning bandwidth : 0 [0, 3, 6] 8.0
Assigning bandwidth : 0 [5, 3, 6] 4.0
Assigning bandwidth : 1 [9] 11.0
Assigning bandwidth : 1 [12, 9] 0.0
[25.0, 25.0, 8.0, 8.0, 20.0, 20.0, 22.0, 22.0, 25.0, 25.0, 7.0, 7.0, 13.0, 13.0, 21.0, 21.0, 22.0, 22.0, 15.0, 15.0, 27.0, 27.0, 12.0, 12.0, 8.0, 8.0, 23.0, 23.0, 22.0, 22.0, 17.0, 17.0, 9.0, 9.0, 14.0, 14.0, 30.0, 30.0, 18.0, 18.0, 8.0, 8.0, 20.0, 20.0, 11.0, 11.0, 26.0, 26.0, 18.0, 18.0, 19.0, 19.0, 20.0, 20.0, 16.0, 16.0, 28.0, 28.0, 0.0, 0.0, 18.0, 0.0, 0.0, 0.0, 0.0, 0.0, 11.0, 0.0, 0.0, 0.0, 0.0, 0.0, 0.0, 0.0, 0.0, 0.0, 0.0, 0.0, 18.0, 0.0, 0.0, 11.0, 0.0, 0.0, 0.0, 0.0]
[25.0, 17.0, 0.0, 8.0, 20.0, 20.0, 22.0, 22.0, 25.0, 25.0, 7.0, 7.0, 13.0, 13.0, 21.0, 21.0, 18.0, 22.0, 15.0, 15.0, 27.0, 23.0, 0.0, 12.0, 8.0, 8.0, 23.0, 23.0, 22.0, 22.0, 17.0, 17.0, 9.0, 9.0, 14.0, 14.0, 30.0, 30.0, 18.0, 18.0, 8.0, 8.0, 20.0, 20.0, 11.0, 11.0, 15.0, 26.0, 18.0, 18.0, 19.0, 19.0, 20.0, 20.0, 16.0, 16.0, 28.0, 28.0, 0.0, 0.0, 18.0, 0.0, 0.0, 0.0, 0.0, 0.0, 11.0, 0.0, 0.0, 0.0, 0.0, 0.0, 0.0, 0.0, 0.0, 0.0, 0.0, 0.0, 18.0, 0.0, 0.0, 11.0, 0.0, 0.0, 0.0, 0.0]
Maximise 2 [3, 8, 12, 11]
Maximise 2 [3, 12, 11]
Assigning bandwidth : 0 [0, 3, 6] 8.0
Assigning bandwidth : 0 [5, 3, 6] 4.0
Assigning bandwidth : 1 [9] 11.0
Assigning bandwidth : 1 [12, 9] 0.0
Assigning bandwidth : 2 [3, 8, 12, 11] 8.0
Assigning bandwidth : 2 [3, 12, 11] 8.0
[25.0, 25.0, 8.0, 8.0, 20.0, 20.0, 22.0, 22.0, 25.0, 25.0, 7.0, 7.0, 13.0, 13.0, 21.0, 21.0, 22.0, 22.0, 15.0, 15.0, 27.0, 27.0, 12.0, 12.0, 8.0, 8.0, 23.0, 23.0, 22.0, 22.0, 17.0, 17.0, 9.0, 9.0, 14.0, 14.0, 30.0, 30.0, 18.0, 18.0, 8.0, 8.0, 20.0, 20.0, 11.0, 11.0, 26.0, 26.0, 18.0, 18.0, 19.0, 19.0, 20.0, 20.0, 16.0, 16.0, 28.0, 28.0, 0.0, 0.0, 18.0, 0.0, 0.0, 17.0, 0.0, 0.0, 11.0, 0.0, 0.0, 0.0, 0.0, 0.0, 0.0, 0.0, 0.0, 0.0, 0.0, 0.0, 18.0, 0.0, 0.0, 11.0, 0.0, 17.0, 0.0, 0.0]
[25.0, 17.0, 0.0, 8.0, 20.0, 20.0, 22.0, 22.0, 25.0, 25.0, 7.0, 7.0, 13.0, 13.0, 21.0, 21.0, 18.0, 22.0, 15.0, 15.0, 27.0, 7.0, 0.0, 12.0, 0.0, 8.0, 23.0, 23.0, 14.0, 22.0, 17.0, 17.0, 9.0, 9.0, 14.0, 14.0, 30.0, 30.0, 18.0, 18.0, 8.0, 8.0, 20.0, 20.0, 11.0, 11.0, 15.0, 26.0, 10.0, 18.0, 19.0, 19.0, 20.0, 20.0, 16.0, 0.0, 28.0, 28.0, 0.0, 0.0, 18.0, 0.0, 0.0, 17.0, 0.0, 0.0, 11.0, 0.0, 0.0, 0.0, 0.0, 0.0, 0.0, 0.0, 0.0, 0.0, 0.0, 0.0, 18.0, 0.0, 0.0, 11.0, 0.0, 17.0, 0.0, 0.0]
Maximise 3 [3]
Maximise 3 [8, 0, 3]
Assigning bandwidth : 0 [0, 3, 6] 8.0
Assigning bandwidth : 0 [5, 3, 6] 4.0
Assigning bandwidth : 1 [9] 11.0
Assigning bandwidth : 1 [12, 9] 0.0
Assigning bandwidth : 2 [3, 8, 12, 11] 8.0
Assigning bandwidth : 2 [3, 12, 11] 8.0
Assigning bandwidth : 3 [3] 16.0
Assigning bandwidth : 3 [8, 0, 3] 0.0
[25.0, 25.0, 8.0, 8.0, 20.0, 20.0, 22.0, 22.0, 25.0, 25.0, 7.0, 7.0, 13.0, 13.0, 21.0, 21.0, 22.0, 22.0, 15.0, 15.0, 27.0, 27.0, 12.0, 12.0, 8.0, 8.0, 23.0, 23.0, 22.0, 22.0, 17.0, 17.0, 9.0, 9.0, 14.0, 14.0, 30.0, 30.0, 18.0, 18.0, 8.0, 8.0, 20.0, 20.0, 11.0, 11.0, 26.0, 26.0, 18.0, 18.0, 19.0, 19.0, 20.0, 20.0, 16.0, 16.0, 28.0, 28.0, 0.0, 0.0, 18.0, 0.0, 0.0, 17.0, 0.0, 0.0, 11.0, 0.0, 0.0, 0.0, 16.0, 0.0, 0.0, 0.0, 0.0, 16.0, 0.0, 0.0, 18.0, 0.0, 0.0, 11.0, 0.0, 17.0, 0.0, 0.0]
[25.0, 17.0, 0.0, 8.0, 20.0, 20.0, 22.0, 22.0, 25.0, 25.0, 7.0, 7.0, 13.0, 13.0, 21.0, 21.0, 18.0, 22.0, 15.0, 15.0, 27.0, 7.0, 0.0, 12.0, 0.0, 8.0, 23.0, 23.0, 14.0, 6.0, 17.0, 17.0, 9.0, 9.0, 14.0, 14.0, 30.0, 30.0, 18.0, 18.0, 8.0, 8.0, 20.0, 20.0, 11.0, 11.0, 15.0, 26.0, 10.0, 18.0, 19.0, 19.0, 20.0, 20.0, 16.0, 0.0, 28.0, 28.0, 0.0, 0.0, 18.0, 0.0, 0.0, 17.0, 0.0, 0.0, 11.0, 0.0, 0.0, 0.0, 16.0, 0.0, 0.0, 0.0, 0.0, 16.0, 0.0, 0.0, 18.0, 0.0, 0.0, 11.0, 0.0, 17.0, 0.0, 0.0]
Maximise 4 [0, 10, 13]
Maximise 4 [8, 7, 13]
Assigning bandwidth : 0 [0, 3, 6] 8.0
Assigning bandwidth : 0 [5, 3, 6] 4.0
Assigning bandwidth : 1 [9] 11.0
Assigning bandwidth : 1 [12, 9] 0.0
Assigning bandwidth : 2 [3, 8, 12, 11] 8.0
Assigning bandwidth : 2 [3, 12, 11] 8.0
Assigning bandwidth : 3 [3] 16.0
Assigning bandwidth : 3 [8, 0, 3] 0.0
Assigning bandwidth : 4 [0, 10, 13] 19.0
Assigning bandwidth : 4 [8, 7, 13] 0.0
[25.0, 25.0, 8.0, 8.0, 20.0, 20.0, 22.0, 22.0, 25.0, 25.0, 7.0, 7.0, 13.0, 13.0, 21.0, 21.0, 22.0, 22.0, 15.0, 15.0, 27.0, 27.0, 12.0, 12.0, 8.0, 8.0, 23.0, 23.0, 22.0, 22.0, 17.0, 17.0, 9.0, 9.0, 14.0, 14.0, 30.0, 30.0, 18.0, 18.0, 8.0, 8.0, 20.0, 20.0, 11.0, 11.0, 26.0, 26.0, 18.0, 18.0, 19.0, 19.0, 20.0, 20.0, 16.0, 16.0, 28.0, 28.0, 0.0, 0.0, 18.0, 0.0, 19.0, 17.0, 0.0, 0.0, 11.0, 0.0, 0.0, 0.0, 16.0, 0.0, 0.0, 0.0, 0.0, 16.0, 0.0, 0.0, 18.0, 0.0, 0.0, 11.0, 0.0, 17.0, 0.0, 19.0]
[25.0, 17.0, 0.0, 8.0, 20.0, 1.0, 22.0, 22.0, 6.0, 25.0, 7.0, 7.0, 13.0, 13.0, 21.0, 21.0, 18.0, 22.0, 15.0, 15.0, 27.0, 7.0, 0.0, 12.0, 0.0, 8.0, 23.0, 23.0, 14.0, 6.0, 17.0, 17.0, 9.0, 9.0, 14.0, 14.0, 30.0, 30.0, 18.0, 18.0, 8.0, 8.0, 20.0, 20.0, 11.0, 11.0, 15.0, 26.0, 10.0, 18.0, 19.0, 19.0, 1.0, 20.0, 16.0, 0.0, 28.0, 28.0, 0.0, 0.0, 18.0, 0.0, 19.0, 17.0, 0.0, 0.0, 11.0, 0.0, 0.0, 0.0, 16.0, 0.0, 0.0, 0.0, 0.0, 16.0, 0.0, 0.0, 18.0, 0.0, 0.0, 11.0, 0.0, 17.0, 0.0, 19.0]
Maximise 5 [3, 4, 1]
Maximise 5 [0, 4, 1]
Assigning bandwidth : 0 [0, 3, 6] 8.0
Assigning bandwidth : 0 [5, 3, 6] 4.0
Assigning bandwidth : 1 [9] 11.0
Assigning bandwidth : 1 [12, 9] 0.0
Assigning bandwidth : 2 [3, 8, 12, 11] 8.0
Assigning bandwidth : 2 [3, 12, 11] 8.0
Assigning bandwidth : 3 [3] 16.0
Assigning bandwidth : 3 [8, 0, 3] 0.0
Assigning bandwidth : 4 [0, 10, 13] 19.0
Assigning bandwidth : 4 [8, 7, 13] 0.0
Assigning bandwidth : 5 [3, 4, 1] 13.0
Assigning bandwidth : 5 [0, 4, 1] 0.0
[25.0, 25.0, 8.0, 8.0, 20.0, 20.0, 22.0, 22.0, 25.0, 25.0, 7.0, 7.0, 13.0, 13.0, 21.0, 21.0, 22.0, 22.0, 15.0, 15.0, 27.0, 27.0, 12.0, 12.0, 8.0, 8.0, 23.0, 23.0, 22.0, 22.0, 17.0, 17.0, 9.0, 9.0, 14.0, 14.0, 30.0, 30.0, 18.0, 18.0, 8.0, 8.0, 20.0, 20.0, 11.0, 11.0, 26.0, 26.0, 18.0, 18.0, 19.0, 19.0, 20.0, 20.0, 16.0, 16.0, 28.0, 28.0, 0.0, 0.0, 18.0, 0.0, 19.0, 17.0, 0.0, 0.0, 11.0, 0.0, 14.0, 0.0, 16.0, 0.0, 0.0, 14.0, 0.0, 16.0, 0.0, 0.0, 18.0, 0.0, 0.0, 11.0, 0.0, 17.0, 0.0, 19.0]
[25.0, 17.0, 0.0, 8.0, 20.0, 1.0, 22.0, 22.0, 6.0, 25.0, 7.0, 7.0, 13.0, 0.0, 21.0, 21.0, 18.0, 22.0, 2.0, 15.0, 27.0, 7.0, 0.0, 12.0, 0.0, 8.0, 23.0, 10.0, 14.0, 6.0, 17.0, 17.0, 9.0, 9.0, 14.0, 14.0, 30.0, 30.0, 18.0, 18.0, 8.0, 8.0, 20.0, 20.0, 11.0, 11.0, 15.0, 26.0, 10.0, 18.0, 19.0, 19.0, 1.0, 20.0, 16.0, 0.0, 28.0, 28.0, 0.0, 0.0, 18.0, 0.0, 19.0, 17.0, 0.0, 0.0, 11.0, 0.0, 14.0, 0.0, 16.0, 0.0, 0.0, 14.0, 0.0, 16.0, 0.0, 0.0, 18.0, 0.0, 0.0, 11.0, 0.0, 17.0, 0.0, 19.0]
Maximise 6 [8, 3, 0]
Maximise 6 [8, 0]
Assigning bandwidth : 0 [0, 3, 6] 8.0
Assigning bandwidth : 0 [5, 3, 6] 4.0
Assigning bandwidth : 1 [9] 11.0
Assigning bandwidth : 1 [12, 9] 0.0
Assigning bandwidth : 2 [3, 8, 12, 11] 8.0
Assigning bandwidth : 2 [3, 12, 11] 8.0
Assigning bandwidth : 3 [3] 16.0
Assigning bandwidth : 3 [8, 0, 3] 0.0
Assigning bandwidth : 4 [0, 10, 13] 19.0
Assigning bandwidth : 4 [8, 7, 13] 0.0
Assigning bandwidth : 5 [3, 4, 1] 13.0
Assigning bandwidth : 5 [0, 4, 1] 0.0
Assigning bandwidth : 6 [8, 3, 0] 8.0
Assigning bandwidth : 6 [8, 0] 12.0
[25.0, 25.0, 8.0, 8.0, 20.0, 20.0, 22.0, 22.0, 25.0, 25.0, 7.0, 7.0, 13.0, 13.0, 21.0, 21.0, 22.0, 22.0, 15.0, 15.0, 27.0, 27.0, 12.0, 12.0, 8.0, 8.0, 23.0, 23.0, 22.0, 22.0, 17.0, 17.0, 9.0, 9.0, 14.0, 14.0, 30.0, 30.0, 18.0, 18.0, 8.0, 8.0, 20.0, 20.0, 11.0, 11.0, 26.0, 26.0, 18.0, 18.0, 19.0, 19.0, 20.0, 20.0, 16.0, 16.0, 28.0, 28.0, 0.0, 0.0, 18.0, 0.0, 19.0, 17.0, 0.0, 20.0, 11.0, 0.0, 14.0, 0.0, 16.0, 0.0, 20.0, 14.0, 0.0, 16.0, 0.0, 0.0, 18.0, 0.0, 0.0, 11.0, 0.0, 17.0, 0.0, 19.0]
[25.0, 17.0, 0.0, 0.0, 20.0, 1.0, 22.0, 10.0, 6.0, 25.0, 7.0, 7.0, 13.0, 0.0, 21.0, 21.0, 18.0, 22.0, 2.0, 15.0, 27.0, 7.0, 0.0, 12.0, 0.0, 0.0, 23.0, 10.0, 14.0, 6.0, 17.0, 17.0, 9.0, 9.0, 14.0, 14.0, 30.0, 30.0, 18.0, 18.0, 8.0, 8.0, 0.0, 20.0, 11.0, 11.0, 15.0, 26.0, 10.0, 18.0, 19.0, 19.0, 1.0, 20.0, 16.0, 0.0, 28.0, 28.0, 0.0, 0.0, 18.0, 0.0, 19.0, 17.0, 0.0, 20.0, 11.0, 0.0, 14.0, 0.0, 16.0, 0.0, 20.0, 14.0, 0.0, 16.0, 0.0, 0.0, 18.0, 0.0, 0.0, 11.0, 0.0, 17.0, 0.0, 19.0]
Assigning bandwidth : 1 [9] 11.0
Assigning bandwidth : 1 [12, 9] 0.0
Assigning bandwidth : 2 [3, 8, 12, 11] 8.0
Assigning bandwidth : 2 [3, 12, 11] 8.0
Assigning bandwidth : 3 [3] 16.0
Assigning bandwidth : 3 [8, 0, 3] 0.0
Assigning bandwidth : 4 [0, 10, 13] 19.0
Assigning bandwidth : 4 [8, 7, 13] 0.0
Assigning bandwidth : 5 [3, 4, 1] 13.0
Assigning bandwidth : 5 [0, 4, 1] 0.0
Assigning bandwidth : 6 [8, 3, 0] 8.0
Assigning bandwidth : 6 [8, 0] 12.0
[25.0, 25.0, 8.0, 8.0, 20.0, 20.0, 22.0, 22.0, 25.0, 25.0, 7.0, 7.0, 13.0, 13.0, 21.0, 21.0, 22.0, 22.0, 15.0, 15.0, 27.0, 27.0, 12.0, 12.0, 8.0, 8.0, 23.0, 23.0, 22.0, 22.0, 17.0, 17.0, 9.0, 9.0, 14.0, 14.0, 30.0, 30.0, 18.0, 18.0, 8.0, 8.0, 20.0, 20.0, 11.0, 11.0, 26.0, 26.0, 18.0, 18.0, 19.0, 19.0, 20.0, 20.0, 16.0, 16.0, 28.0, 28.0, 0.0, 0.0, 0.0, 0.0, 19.0, 17.0, 0.0, 20.0, 11.0, 0.0, 14.0, 0.0, 16.0, 0.0, 20.0, 14.0, 0.0, 16.0, 0.0, 0.0, 0.0, 0.0, 0.0, 11.0, 0.0, 17.0, 0.0, 19.0]
[25.0, 25.0, 8.0, 0.0, 20.0, 1.0, 22.0, 10.0, 6.0, 25.0, 7.0, 7.0, 13.0, 0.0, 21.0, 21.0, 22.0, 22.0, 2.0, 15.0, 27.0, 11.0, 12.0, 12.0, 0.0, 0.0, 23.0, 10.0, 14.0, 6.0, 17.0, 17.0, 9.0, 9.0, 14.0, 14.0, 30.0, 30.0, 18.0, 18.0, 8.0, 8.0, 0.0, 20.0, 11.0, 11.0, 15.0, 26.0, 10.0, 18.0, 19.0, 19.0, 1.0, 20.0, 16.0, 0.0, 28.0, 28.0, 0.0, 0.0, 0.0, 0.0, 19.0, 17.0, 0.0, 20.0, 11.0, 0.0, 14.0, 0.0, 16.0, 0.0, 20.0, 14.0, 0.0, 16.0, 0.0, 0.0, 0.0, 0.0, 0.0, 11.0, 0.0, 17.0, 0.0, 19.0]
Assigning bandwidth : 2 [3, 8, 12, 11] 8.0
Assigning bandwidth : 2 [3, 12, 11] 8.0
Assigning bandwidth : 3 [3] 16.0
Assigning bandwidth : 3 [8, 0, 3] 0.0
Assigning bandwidth : 4 [0, 10, 13] 19.0
Assigning bandwidth : 4 [8, 7, 13] 0.0
Assigning bandwidth : 5 [3, 4, 1] 13.0
Assigning bandwidth : 5 [0, 4, 1] 0.0
Assigning bandwidth : 6 [8, 3, 0] 8.0
Assigning bandwidth : 6 [8, 0] 12.0
[25.0, 25.0, 8.0, 8.0, 20.0, 20.0, 22.0, 22.0, 25.0, 25.0, 7.0, 7.0, 13.0, 13.0, 21.0, 21.0, 22.0, 22.0, 15.0, 15.0, 27.0, 27.0, 12.0, 12.0, 8.0, 8.0, 23.0, 23.0, 22.0, 22.0, 17.0, 17.0, 9.0, 9.0, 14.0, 14.0, 30.0, 30.0, 18.0, 18.0, 8.0, 8.0, 20.0, 20.0, 11.0, 11.0, 26.0, 26.0, 18.0, 18.0, 19.0, 19.0, 20.0, 20.0, 16.0, 16.0, 28.0, 28.0, 0.0, 0.0, 0.0, 0.0, 19.0, 17.0, 0.0, 20.0, 0.0, 0.0, 14.0, 0.0, 16.0, 0.0, 20.0, 14.0, 0.0, 16.0, 0.0, 0.0, 0.0, 0.0, 0.0, 0.0, 0.0, 17.0, 0.0, 19.0]
[25.0, 25.0, 8.0, 0.0, 20.0, 1.0, 22.0, 10.0, 6.0, 25.0, 7.0, 7.0, 13.0, 0.0, 21.0, 21.0, 22.0, 22.0, 2.0, 15.0, 27.0, 11.0, 12.0, 12.0, 0.0, 0.0, 23.0, 10.0, 14.0, 6.0, 17.0, 17.0, 9.0, 9.0, 14.0, 14.0, 30.0, 30.0, 18.0, 18.0, 8.0, 8.0, 0.0, 20.0, 11.0, 11.0, 26.0, 26.0, 10.0, 18.0, 19.0, 19.0, 1.0, 20.0, 16.0, 0.0, 28.0, 28.0, 0.0, 0.0, 0.0, 0.0, 19.0, 17.0, 0.0, 20.0, 0.0, 0.0, 14.0, 0.0, 16.0, 0.0, 20.0, 14.0, 0.0, 16.0, 0.0, 0.0, 0.0, 0.0, 0.0, 0.0, 0.0, 17.0, 0.0, 19.0]
Assigning bandwidth : 2 [3, 8, 12, 11] 8.0
Assigning bandwidth : 2 [3, 12, 11] 8.0
Assigning bandwidth : 3 [3] 16.0
Assigning bandwidth : 3 [8, 0, 3] 0.0
Assigning bandwidth : 5 [3, 4, 1] 13.0
Assigning bandwidth : 5 [0, 4, 1] 0.0
Assigning bandwidth : 6 [8, 3, 0] 8.0
Assigning bandwidth : 6 [8, 0] 12.0
[25.0, 25.0, 8.0, 8.0, 20.0, 20.0, 22.0, 22.0, 25.0, 25.0, 7.0, 7.0, 13.0, 13.0, 21.0, 21.0, 22.0, 22.0, 15.0, 15.0, 27.0, 27.0, 12.0, 12.0, 8.0, 8.0, 23.0, 23.0, 22.0, 22.0, 17.0, 17.0, 9.0, 9.0, 14.0, 14.0, 30.0, 30.0, 18.0, 18.0, 8.0, 8.0, 20.0, 20.0, 11.0, 11.0, 26.0, 26.0, 18.0, 18.0, 19.0, 19.0, 20.0, 20.0, 16.0, 16.0, 28.0, 28.0, 0.0, 0.0, 0.0, 0.0, 0.0, 17.0, 0.0, 20.0, 0.0, 0.0, 14.0, 0.0, 16.0, 0.0, 20.0, 14.0, 0.0, 16.0, 0.0, 0.0, 0.0, 0.0, 0.0, 0.0, 0.0, 17.0, 0.0, 0.0]
[25.0, 25.0, 8.0, 0.0, 20.0, 20.0, 22.0, 10.0, 25.0, 25.0, 7.0, 7.0, 13.0, 0.0, 21.0, 21.0, 22.0, 22.0, 2.0, 15.0, 27.0, 11.0, 12.0, 12.0, 0.0, 0.0, 23.0, 10.0, 14.0, 6.0, 17.0, 17.0, 9.0, 9.0, 14.0, 14.0, 30.0, 30.0, 18.0, 18.0, 8.0, 8.0, 0.0, 20.0, 11.0, 11.0, 26.0, 26.0, 10.0, 18.0, 19.0, 19.0, 20.0, 20.0, 16.0, 0.0, 28.0, 28.0, 0.0, 0.0, 0.0, 0.0, 0.0, 17.0, 0.0, 20.0, 0.0, 0.0, 14.0, 0.0, 16.0, 0.0, 20.0, 14.0, 0.0, 16.0, 0.0, 0.0, 0.0, 0.0, 0.0, 0.0, 0.0, 17.0, 0.0, 0.0]
Assigning bandwidth : 2 [3, 8, 12, 11] 8.0
Assigning bandwidth : 2 [3, 12, 11] 8.0
Assigning bandwidth : 3 [3] 16.0
Assigning bandwidth : 3 [8, 0, 3] 0.0
Assigning bandwidth : 5 [3, 4, 1] 13.0
Assigning bandwidth : 5 [0, 4, 1] 0.0
[25.0, 25.0, 8.0, 8.0, 20.0, 20.0, 22.0, 22.0, 25.0, 25.0, 7.0, 7.0, 13.0, 13.0, 21.0, 21.0, 22.0, 22.0, 15.0, 15.0, 27.0, 27.0, 12.0, 12.0, 8.0, 8.0, 23.0, 23.0, 22.0, 22.0, 17.0, 17.0, 9.0, 9.0, 14.0, 14.0, 30.0, 30.0, 18.0, 18.0, 8.0, 8.0, 20.0, 20.0, 11.0, 11.0, 26.0, 26.0, 18.0, 18.0, 19.0, 19.0, 20.0, 20.0, 16.0, 16.0, 28.0, 28.0, 0.0, 0.0, 0.0, 0.0, 0.0, 17.0, 0.0, 0.0, 0.0, 0.0, 14.0, 0.0, 16.0, 0.0, 0.0, 14.0, 0.0, 16.0, 0.0, 0.0, 0.0, 0.0, 0.0, 0.0, 0.0, 17.0, 0.0, 0.0]
[25.0, 25.0, 8.0, 8.0, 20.0, 20.0, 22.0, 22.0, 25.0, 25.0, 7.0, 7.0, 13.0, 0.0, 21.0, 21.0, 22.0, 22.0, 2.0, 15.0, 27.0, 11.0, 12.0, 12.0, 0.0, 8.0, 23.0, 10.0, 14.0, 6.0, 17.0, 17.0, 9.0, 9.0, 14.0, 14.0, 30.0, 30.0, 18.0, 18.0, 8.0, 8.0, 20.0, 20.0, 11.0, 11.0, 26.0, 26.0, 10.0, 18.0, 19.0, 19.0, 20.0, 20.0, 16.0, 0.0, 28.0, 28.0, 0.0, 0.0, 0.0, 0.0, 0.0, 17.0, 0.0, 0.0, 0.0, 0.0, 14.0, 0.0, 16.0, 0.0, 0.0, 14.0, 0.0, 16.0, 0.0, 0.0, 0.0, 0.0, 0.0, 0.0, 0.0, 17.0, 0.0, 0.0]
Assigning bandwidth : 3 [3] 16.0
Assigning bandwidth : 3 [8, 0, 3] 0.0
Assigning bandwidth : 5 [3, 4, 1] 13.0
Assigning bandwidth : 5 [0, 4, 1] 0.0
[25.0, 25.0, 8.0, 8.0, 20.0, 20.0, 22.0, 22.0, 25.0, 25.0, 7.0, 7.0, 13.0, 13.0, 21.0, 21.0, 22.0, 22.0, 15.0, 15.0, 27.0, 27.0, 12.0, 12.0, 8.0, 8.0, 23.0, 23.0, 22.0, 22.0, 17.0, 17.0, 9.0, 9.0, 14.0, 14.0, 30.0, 30.0, 18.0, 18.0, 8.0, 8.0, 20.0, 20.0, 11.0, 11.0, 26.0, 26.0, 18.0, 18.0, 19.0, 19.0, 20.0, 20.0, 16.0, 16.0, 28.0, 28.0, 0.0, 0.0, 0.0, 0.0, 0.0, 0.0, 0.0, 0.0, 0.0, 0.0, 14.0, 0.0, 16.0, 0.0, 0.0, 14.0, 0.0, 16.0, 0.0, 0.0, 0.0, 0.0, 0.0, 0.0, 0.0, 0.0, 0.0, 0.0]
[25.0, 25.0, 8.0, 8.0, 20.0, 20.0, 22.0, 22.0, 25.0, 25.0, 7.0, 7.0, 13.0, 0.0, 21.0, 21.0, 22.0, 22.0, 2.0, 15.0, 27.0, 27.0, 12.0, 12.0, 8.0, 8.0, 23.0, 10.0, 22.0, 6.0, 17.0, 17.0, 9.0, 9.0, 14.0, 14.0, 30.0, 30.0, 18.0, 18.0, 8.0, 8.0, 20.0, 20.0, 11.0, 11.0, 26.0, 26.0, 18.0, 18.0, 19.0, 19.0, 20.0, 20.0, 16.0, 16.0, 28.0, 28.0, 0.0, 0.0, 0.0, 0.0, 0.0, 0.0, 0.0, 0.0, 0.0, 0.0, 14.0, 0.0, 16.0, 0.0, 0.0, 14.0, 0.0, 16.0, 0.0, 0.0, 0.0, 0.0, 0.0, 0.0, 0.0, 0.0, 0.0, 0.0]
Assigning bandwidth : 5 [3, 4, 1] 13.0
Assigning bandwidth : 5 [0, 4, 1] 0.0
[25.0, 25.0, 8.0, 8.0, 20.0, 20.0, 22.0, 22.0, 25.0, 25.0, 7.0, 7.0, 13.0, 13.0, 21.0, 21.0, 22.0, 22.0, 15.0, 15.0, 27.0, 27.0, 12.0, 12.0, 8.0, 8.0, 23.0, 23.0, 22.0, 22.0, 17.0, 17.0, 9.0, 9.0, 14.0, 14.0, 30.0, 30.0, 18.0, 18.0, 8.0, 8.0, 20.0, 20.0, 11.0, 11.0, 26.0, 26.0, 18.0, 18.0, 19.0, 19.0, 20.0, 20.0, 16.0, 16.0, 28.0, 28.0, 0.0, 0.0, 0.0, 0.0, 0.0, 0.0, 0.0, 0.0, 0.0, 0.0, 14.0, 0.0, 0.0, 0.0, 0.0, 14.0, 0.0, 0.0, 0.0, 0.0, 0.0, 0.0, 0.0, 0.0, 0.0, 0.0, 0.0, 0.0]
[25.0, 25.0, 8.0, 8.0, 20.0, 20.0, 22.0, 22.0, 25.0, 25.0, 7.0, 7.0, 13.0, 0.0, 21.0, 21.0, 22.0, 22.0, 2.0, 15.0, 27.0, 27.0, 12.0, 12.0, 8.0, 8.0, 23.0, 10.0, 22.0, 22.0, 17.0, 17.0, 9.0, 9.0, 14.0, 14.0, 30.0, 30.0, 18.0, 18.0, 8.0, 8.0, 20.0, 20.0, 11.0, 11.0, 26.0, 26.0, 18.0, 18.0, 19.0, 19.0, 20.0, 20.0, 16.0, 16.0, 28.0, 28.0, 0.0, 0.0, 0.0, 0.0, 0.0, 0.0, 0.0, 0.0, 0.0, 0.0, 14.0, 0.0, 0.0, 0.0, 0.0, 14.0, 0.0, 0.0, 0.0, 0.0, 0.0, 0.0, 0.0, 0.0, 0.0, 0.0, 0.0, 0.0]
[25.0, 25.0, 8.0, 8.0, 20.0, 20.0, 22.0, 22.0, 25.0, 25.0, 7.0, 7.0, 13.0, 13.0, 21.0, 21.0, 22.0, 22.0, 15.0, 15.0, 27.0, 27.0, 12.0, 12.0, 8.0, 8.0, 23.0, 23.0, 22.0, 22.0, 17.0, 17.0, 9.0, 9.0, 14.0, 14.0, 30.0, 30.0, 18.0, 18.0, 8.0, 8.0, 20.0, 20.0, 11.0, 11.0, 26.0, 26.0, 18.0, 18.0, 19.0, 19.0, 20.0, 20.0, 16.0, 16.0, 28.0, 28.0, 0.0, 0.0, 0.0, 0.0, 0.0, 0.0, 0.0, 0.0, 0.0, 0.0, 0.0, 0.0, 0.0, 0.0, 0.0, 0.0, 0.0, 0.0, 0.0, 0.0, 0.0, 0.0, 0.0, 0.0, 0.0, 0.0, 0.0, 0.0]
[25.0, 25.0, 8.0, 8.0, 20.0, 20.0, 22.0, 22.0, 25.0, 25.0, 7.0, 7.0, 13.0, 13.0, 21.0, 21.0, 22.0, 22.0, 15.0, 15.0, 27.0, 27.0, 12.0, 12.0, 8.0, 8.0, 23.0, 23.0, 22.0, 22.0, 17.0, 17.0, 9.0, 9.0, 14.0, 14.0, 30.0, 30.0, 18.0, 18.0, 8.0, 8.0, 20.0, 20.0, 11.0, 11.0, 26.0, 26.0, 18.0, 18.0, 19.0, 19.0, 20.0, 20.0, 16.0, 16.0, 28.0, 28.0, 0.0, 0.0, 0.0, 0.0, 0.0, 0.0, 0.0, 0.0, 0.0, 0.0, 0.0, 0.0, 0.0, 0.0, 0.0, 0.0, 0.0, 0.0, 0.0, 0.0, 0.0, 0.0, 0.0, 0.0, 0.0, 0.0, 0.0, 0.0]
Maximise 0 [13, 7, 8, 9]
Maximise 0 [13, 7, 8, 9]
Assigning bandwidth : 0 [13, 7, 8, 9] 11.0
Assigning bandwidth : 0 [13, 7, 8, 9] 0.0
[25.0, 25.0, 8.0, 8.0, 20.0, 20.0, 22.0, 22.0, 25.0, 25.0, 7.0, 7.0, 13.0, 13.0, 21.0, 21.0, 22.0, 22.0, 15.0, 15.0, 27.0, 27.0, 12.0, 12.0, 8.0, 8.0, 23.0, 23.0, 22.0, 22.0, 17.0, 17.0, 9.0, 9.0, 14.0, 14.0, 30.0, 30.0, 18.0, 18.0, 8.0, 8.0, 20.0, 20.0, 11.0, 11.0, 26.0, 26.0, 18.0, 18.0, 19.0, 19.0, 20.0, 20.0, 16.0, 16.0, 28.0, 28.0, 0.0, 0.0, 0.0, 0.0, 0.0, 0.0, 0.0, 0.0, 0.0, 0.0, 0.0, 14.0, 0.0, 0.0, 0.0, 0.0, 0.0, 0.0, 0.0, 0.0, 0.0, 0.0, 0.0, 14.0, 0.0, 0.0, 0.0, 0.0]
[25.0, 25.0, 8.0, 8.0, 20.0, 20.0, 22.0, 22.0, 25.0, 25.0, 7.0, 7.0, 13.0, 13.0, 21.0, 21.0, 22.0, 22.0, 15.0, 15.0, 27.0, 27.0, 12.0, 12.0, 8.0, 8.0, 23.0, 23.0, 22.0, 22.0, 17.0, 17.0, 9.0, 9.0, 14.0, 14.0, 30.0, 30.0, 18.0, 18.0, 8.0, 8.0, 9.0, 20.0, 11.0, 0.0, 15.0, 26.0, 18.0, 18.0, 19.0, 19.0, 20.0, 20.0, 16.0, 16.0, 17.0, 28.0, 0.0, 0.0, 0.0, 0.0, 0.0, 0.0, 0.0, 0.0, 0.0, 0.0, 0.0, 14.0, 0.0, 0.0, 0.0, 0.0, 0.0, 0.0, 0.0, 0.0, 0.0, 0.0, 0.0, 14.0, 0.0, 0.0, 0.0, 0.0]
Maximise 1 [8, 12]
Maximise 1 [3, 8, 12]
Assigning bandwidth : 0 [13, 7, 8, 9] 11.0
Assigning bandwidth : 0 [13, 7, 8, 9] 0.0
Assigning bandwidth : 1 [8, 12] 8.0
Assigning bandwidth : 1 [3, 8, 12] 8.0
[25.0, 25.0, 8.0, 8.0, 20.0, 20.0, 22.0, 22.0, 25.0, 25.0, 7.0, 7.0, 13.0, 13.0, 21.0, 21.0, 22.0, 22.0, 15.0, 15.0, 27.0, 27.0, 12.0, 12.0, 8.0, 8.0, 23.0, 23.0, 22.0, 22.0, 17.0, 17.0, 9.0, 9.0, 14.0, 14.0, 30.0, 30.0, 18.0, 18.0, 8.0, 8.0, 20.0, 20.0, 11.0, 11.0, 26.0, 26.0, 18.0, 18.0, 19.0, 19.0, 20.0, 20.0, 16.0, 16.0, 28.0, 28.0, 0.0, 0.0, 0.0, 0.0, 0.0, 0.0, 20.0, 0.0, 0.0, 0.0, 0.0, 14.0, 0.0, 0.0, 0.0, 0.0, 0.0, 0.0, 0.0, 0.0, 0.0, 0.0, 0.0, 14.0, 0.0, 0.0, 20.0, 0.0]
[25.0, 25.0, 8.0, 8.0, 20.0, 20.0, 22.0, 22.0, 25.0, 25.0, 7.0, 7.0, 13.0, 13.0, 21.0, 21.0, 22.0, 22.0, 15.0, 15.0, 27.0, 27.0, 12.0, 4.0, 0.0, 8.0, 23.0, 23.0, 22.0, 22.0, 17.0, 17.0, 9.0, 9.0, 14.0, 14.0, 30.0, 30.0, 18.0, 18.0, 0.0, 8.0, 9.0, 20.0, 11.0, 0.0, 15.0, 26.0, 2.0, 18.0, 19.0, 19.0, 20.0, 20.0, 16.0, 16.0, 17.0, 28.0, 0.0, 0.0, 0.0, 0.0, 0.0, 0.0, 20.0, 0.0, 0.0, 0.0, 0.0, 14.0, 0.0, 0.0, 0.0, 0.0, 0.0, 0.0, 0.0, 0.0, 0.0, 0.0, 0.0, 14.0, 0.0, 0.0, 20.0, 0.0]
Maximise 2 [0]
Maximise 2 [4, 0]
Assigning bandwidth : 0 [13, 7, 8, 9] 11.0
Assigning bandwidth : 0 [13, 7, 8, 9] 0.0
Assigning bandwidth : 1 [8, 12] 8.0
Assigning bandwidth : 1 [3, 8, 12] 8.0
Assigning bandwidth : 2 [0] 8.0
Assigning bandwidth : 2 [4, 0] 3.0
[25.0, 25.0, 8.0, 8.0, 20.0, 20.0, 22.0, 22.0, 25.0, 25.0, 7.0, 7.0, 13.0, 13.0, 21.0, 21.0, 22.0, 22.0, 15.0, 15.0, 27.0, 27.0, 12.0, 12.0, 8.0, 8.0, 23.0, 23.0, 22.0, 22.0, 17.0, 17.0, 9.0, 9.0, 14.0, 14.0, 30.0, 30.0, 18.0, 18.0, 8.0, 8.0, 20.0, 20.0, 11.0, 11.0, 26.0, 26.0, 18.0, 18.0, 19.0, 19.0, 20.0, 20.0, 16.0, 16.0, 28.0, 28.0, 0.0, 0.0, 0.0, 11.0, 0.0, 0.0, 20.0, 0.0, 0.0, 0.0, 0.0, 14.0, 0.0, 0.0, 11.0, 0.0, 0.0, 0.0, 0.0, 0.0, 0.0, 0.0, 0.0, 14.0, 0.0, 0.0, 20.0, 0.0]
[25.0, 25.0, 8.0, 0.0, 20.0, 17.0, 22.0, 22.0, 25.0, 25.0, 7.0, 7.0, 13.0, 13.0, 21.0, 21.0, 22.0, 22.0, 12.0, 15.0, 27.0, 27.0, 12.0, 4.0, 0.0, 8.0, 23.0, 23.0, 22.0, 22.0, 17.0, 17.0, 9.0, 9.0, 14.0, 14.0, 30.0, 30.0, 18.0, 18.0, 0.0, 8.0, 9.0, 20.0, 11.0, 0.0, 15.0, 26.0, 2.0, 18.0, 19.0, 19.0, 20.0, 20.0, 16.0, 16.0, 17.0, 28.0, 0.0, 0.0, 0.0, 11.0, 0.0, 0.0, 20.0, 0.0, 0.0, 0.0, 0.0, 14.0, 0.0, 0.0, 11.0, 0.0, 0.0, 0.0, 0.0, 0.0, 0.0, 0.0, 0.0, 14.0, 0.0, 0.0, 20.0, 0.0]
Maximise 3 [0, 4, 1]
Maximise 3 [0, 3, 1]
Assigning bandwidth : 0 [13, 7, 8, 9] 11.0
Assigning bandwidth : 0 [13, 7, 8, 9] 0.0
Assigning bandwidth : 1 [8, 12] 8.0
Assigning bandwidth : 1 [3, 8, 12] 8.0
Assigning bandwidth : 2 [0] 8.0
Assigning bandwidth : 2 [4, 0] 3.0
Assigning bandwidth : 3 [0, 4, 1] 12.0
Assigning bandwidth : 3 [0, 3, 1] 0.0
[25.0, 25.0, 8.0, 8.0, 20.0, 20.0, 22.0, 22.0, 25.0, 25.0, 7.0, 7.0, 13.0, 13.0, 21.0, 21.0, 22.0, 22.0, 15.0, 15.0, 27.0, 27.0, 12.0, 12.0, 8.0, 8.0, 23.0, 23.0, 22.0, 22.0, 17.0, 17.0, 9.0, 9.0, 14.0, 14.0, 30.0, 30.0, 18.0, 18.0, 8.0, 8.0, 20.0, 20.0, 11.0, 11.0, 26.0, 26.0, 18.0, 18.0, 19.0, 19.0, 20.0, 20.0, 16.0, 16.0, 28.0, 28.0, 0.0, 0.0, 12.0, 11.0, 0.0, 0.0, 20.0, 0.0, 0.0, 0.0, 0.0, 14.0, 0.0, 0.0, 11.0, 12.0, 0.0, 0.0, 0.0, 0.0, 0.0, 0.0, 0.0, 14.0, 0.0, 0.0, 20.0, 0.0]
[25.0, 13.0, 8.0, 0.0, 8.0, 17.0, 22.0, 22.0, 25.0, 25.0, 7.0, 7.0, 13.0, 1.0, 21.0, 21.0, 22.0, 22.0, 12.0, 15.0, 27.0, 27.0, 12.0, 4.0, 0.0, 8.0, 23.0, 23.0, 22.0, 22.0, 17.0, 17.0, 9.0, 9.0, 14.0, 14.0, 30.0, 30.0, 18.0, 18.0, 0.0, 8.0, 9.0, 20.0, 11.0, 0.0, 15.0, 26.0, 2.0, 18.0, 19.0, 19.0, 20.0, 20.0, 16.0, 16.0, 17.0, 28.0, 0.0, 0.0, 12.0, 11.0, 0.0, 0.0, 20.0, 0.0, 0.0, 0.0, 0.0, 14.0, 0.0, 0.0, 11.0, 12.0, 0.0, 0.0, 0.0, 0.0, 0.0, 0.0, 0.0, 14.0, 0.0, 0.0, 20.0, 0.0]
Maximise 4 [3, 8]
Maximise 4 [3, 0, 8]
Assigning bandwidth : 0 [13, 7, 8, 9] 11.0
Assigning bandwidth : 0 [13, 7, 8, 9] 0.0
Assigning bandwidth : 1 [8, 12] 8.0
Assigning bandwidth : 1 [3, 8, 12] 8.0
Assigning bandwidth : 2 [0] 0.0
Assigning bandwidth : 2 [4, 0] 11.0
Assigning bandwidth : 3 [0, 4, 1] 12.0
Assigning bandwidth : 3 [0, 3, 1] 0.0
Assigning bandwidth : 4 [3, 8] 0.0
Assigning bandwidth : 4 [3, 0, 8] 8.0
[25.0, 25.0, 8.0, 8.0, 20.0, 20.0, 22.0, 22.0, 25.0, 25.0, 7.0, 7.0, 13.0, 13.0, 21.0, 21.0, 22.0, 22.0, 15.0, 15.0, 27.0, 27.0, 12.0, 12.0, 8.0, 8.0, 23.0, 23.0, 22.0, 22.0, 17.0, 17.0, 9.0, 9.0, 14.0, 14.0, 30.0, 30.0, 18.0, 18.0, 8.0, 8.0, 20.0, 20.0, 11.0, 11.0, 26.0, 26.0, 18.0, 18.0, 19.0, 19.0, 20.0, 20.0, 16.0, 16.0, 28.0, 28.0, 0.0, 0.0, 12.0, 11.0, 0.0, 13.0, 20.0, 0.0, 0.0, 0.0, 0.0, 14.0, 0.0, 0.0, 11.0, 12.0, 0.0, 0.0, 0.0, 0.0, 0.0, 0.0, 13.0, 14.0, 0.0, 0.0, 20.0, 0.0]
[25.0, 13.0, 8.0, 0.0, 8.0, 9.0, 14.0, 22.0, 25.0, 25.0, 7.0, 7.0, 13.0, 1.0, 21.0, 21.0, 22.0, 22.0, 4.0, 15.0, 27.0, 19.0, 12.0, 4.0, 0.0, 8.0, 23.0, 23.0, 22.0, 22.0, 17.0, 17.0, 9.0, 9.0, 14.0, 14.0, 30.0, 30.0, 18.0, 18.0, 0.0, 8.0, 9.0, 20.0, 11.0, 0.0, 15.0, 26.0, 2.0, 18.0, 19.0, 19.0, 20.0, 20.0, 16.0, 16.0, 17.0, 28.0, 0.0, 0.0, 12.0, 11.0, 0.0, 13.0, 20.0, 0.0, 0.0, 0.0, 0.0, 14.0, 0.0, 0.0, 11.0, 12.0, 0.0, 0.0, 0.0, 0.0, 0.0, 0.0, 13.0, 14.0, 0.0, 0.0, 20.0, 0.0]
Maximise 5 [13, 7, 4]
Maximise 5 [3, 4]
Assigning bandwidth : 0 [13, 7, 8, 9] 11.0
Assigning bandwidth : 0 [13, 7, 8, 9] 0.0
Assigning bandwidth : 1 [8, 12] 8.0
Assigning bandwidth : 1 [3, 8, 12] 8.0
Assigning bandwidth : 2 [0] 0.0
Assigning bandwidth : 2 [4, 0] 11.0
Assigning bandwidth : 3 [0, 4, 1] 12.0
Assigning bandwidth : 3 [0, 3, 1] 0.0
Assigning bandwidth : 4 [3, 8] 0.0
Assigning bandwidth : 4 [3, 0, 8] 8.0
Assigning bandwidth : 5 [13, 7, 4] 0.0
Assigning bandwidth : 5 [3, 4] 4.0
[25.0, 25.0, 8.0, 8.0, 20.0, 20.0, 22.0, 22.0, 25.0, 25.0, 7.0, 7.0, 13.0, 13.0, 21.0, 21.0, 22.0, 22.0, 15.0, 15.0, 27.0, 27.0, 12.0, 12.0, 8.0, 8.0, 23.0, 23.0, 22.0, 22.0, 17.0, 17.0, 9.0, 9.0, 14.0, 14.0, 30.0, 30.0, 18.0, 18.0, 8.0, 8.0, 20.0, 20.0, 11.0, 11.0, 26.0, 26.0, 18.0, 18.0, 19.0, 19.0, 20.0, 20.0, 16.0, 16.0, 28.0, 28.0, 0.0, 0.0, 12.0, 11.0, 0.0, 13.0, 20.0, 0.0, 0.0, 0.0, 13.0, 14.0, 0.0, 0.0, 11.0, 12.0, 0.0, 0.0, 13.0, 0.0, 0.0, 0.0, 13.0, 14.0, 0.0, 0.0, 20.0, 0.0]
[25.0, 13.0, 8.0, 0.0, 8.0, 9.0, 14.0, 22.0, 25.0, 25.0, 7.0, 7.0, 13.0, 1.0, 21.0, 21.0, 22.0, 22.0, 0.0, 15.0, 27.0, 19.0, 12.0, 4.0, 0.0, 8.0, 23.0, 19.0, 22.0, 22.0, 17.0, 17.0, 9.0, 9.0, 14.0, 14.0, 30.0, 30.0, 18.0, 18.0, 0.0, 8.0, 9.0, 20.0, 11.0, 0.0, 15.0, 26.0, 2.0, 18.0, 19.0, 19.0, 20.0, 20.0, 16.0, 16.0, 17.0, 28.0, 0.0, 0.0, 12.0, 11.0, 0.0, 13.0, 20.0, 0.0, 0.0, 0.0, 13.0, 14.0, 0.0, 0.0, 11.0, 12.0, 0.0, 0.0, 13.0, 0.0, 0.0, 0.0, 13.0, 14.0, 0.0, 0.0, 20.0, 0.0]
Maximise 6 [7]
Maximise 6 [10, 3, 8, 7]
Assigning bandwidth : 0 [13, 7, 8, 9] 11.0
Assigning bandwidth : 0 [13, 7, 8, 9] 0.0
Assigning bandwidth : 1 [8, 12] 8.0
Assigning bandwidth : 1 [3, 8, 12] 8.0
Assigning bandwidth : 2 [0] 0.0
Assigning bandwidth : 2 [4, 0] 11.0
Assigning bandwidth : 3 [0, 4, 1] 12.0
Assigning bandwidth : 3 [0, 3, 1] 0.0
Assigning bandwidth : 4 [3, 8] 0.0
Assigning bandwidth : 4 [3, 0, 8] 8.0
Assigning bandwidth : 5 [13, 7, 4] 0.0
Assigning bandwidth : 5 [3, 4] 4.0
Assigning bandwidth : 6 [7] 0.0
Assigning bandwidth : 6 [10, 3, 8, 7] 0.0
[25.0, 25.0, 8.0, 8.0, 20.0, 20.0, 22.0, 22.0, 25.0, 25.0, 7.0, 7.0, 13.0, 13.0, 21.0, 21.0, 22.0, 22.0, 15.0, 15.0, 27.0, 27.0, 12.0, 12.0, 8.0, 8.0, 23.0, 23.0, 22.0, 22.0, 17.0, 17.0, 9.0, 9.0, 14.0, 14.0, 30.0, 30.0, 18.0, 18.0, 8.0, 8.0, 20.0, 20.0, 11.0, 11.0, 26.0, 26.0, 18.0, 18.0, 19.0, 19.0, 20.0, 20.0, 16.0, 16.0, 28.0, 28.0, 0.0, 0.0, 12.0, 11.0, 0.0, 13.0, 20.0, 0.0, 0.0, 0.0, 13.0, 14.0, 0.0, 18.0, 11.0, 12.0, 0.0, 0.0, 13.0, 0.0, 0.0, 18.0, 13.0, 14.0, 0.0, 0.0, 20.0, 0.0]
[25.0, 13.0, 8.0, 0.0, 8.0, 9.0, 14.0, 22.0, 25.0, 25.0, 7.0, 7.0, 13.0, 1.0, 21.0, 21.0, 22.0, 22.0, 0.0, 15.0, 27.0, 19.0, 12.0, 4.0, 0.0, 8.0, 23.0, 19.0, 22.0, 22.0, 17.0, 17.0, 9.0, 9.0, 14.0, 14.0, 30.0, 30.0, 18.0, 18.0, 0.0, 8.0, 9.0, 20.0, 11.0, 0.0, 15.0, 26.0, 2.0, 18.0, 19.0, 19.0, 20.0, 20.0, 16.0, 16.0, 17.0, 28.0, 0.0, 0.0, 12.0, 11.0, 0.0, 13.0, 20.0, 0.0, 0.0, 0.0, 13.0, 14.0, 0.0, 18.0, 11.0, 12.0, 0.0, 0.0, 13.0, 0.0, 0.0, 18.0, 13.0, 14.0, 0.0, 0.0, 20.0, 0.0]
Assigning bandwidth : 0 [13, 7, 8, 9] 11.0
Assigning bandwidth : 0 [13, 7, 8, 9] 0.0
Assigning bandwidth : 2 [0] 0.0
Assigning bandwidth : 2 [4, 0] 11.0
Assigning bandwidth : 3 [0, 4, 1] 12.0
Assigning bandwidth : 3 [0, 3, 1] 0.0
Assigning bandwidth : 4 [3, 8] 5.0
Assigning bandwidth : 4 [3, 0, 8] 8.0
Assigning bandwidth : 5 [13, 7, 4] 0.0
Assigning bandwidth : 5 [3, 4] 4.0
Assigning bandwidth : 6 [7] 0.0
Assigning bandwidth : 6 [10, 3, 8, 7] 3.0
[25.0, 25.0, 8.0, 8.0, 20.0, 20.0, 22.0, 22.0, 25.0, 25.0, 7.0, 7.0, 13.0, 13.0, 21.0, 21.0, 22.0, 22.0, 15.0, 15.0, 27.0, 27.0, 12.0, 12.0, 8.0, 8.0, 23.0, 23.0, 22.0, 22.0, 17.0, 17.0, 9.0, 9.0, 14.0, 14.0, 30.0, 30.0, 18.0, 18.0, 8.0, 8.0, 20.0, 20.0, 11.0, 11.0, 26.0, 26.0, 18.0, 18.0, 19.0, 19.0, 20.0, 20.0, 16.0, 16.0, 28.0, 28.0, 0.0, 0.0, 12.0, 11.0, 0.0, 13.0, 0.0, 0.0, 0.0, 0.0, 13.0, 14.0, 0.0, 18.0, 11.0, 12.0, 0.0, 0.0, 13.0, 0.0, 0.0, 18.0, 13.0, 14.0, 0.0, 0.0, 0.0, 0.0]
[25.0, 13.0, 8.0, 0.0, 8.0, 9.0, 14.0, 22.0, 25.0, 25.0, 7.0, 7.0, 13.0, 1.0, 21.0, 21.0, 22.0, 22.0, 0.0, 15.0, 27.0, 14.0, 12.0, 12.0, 0.0, 8.0, 23.0, 16.0, 22.0, 22.0, 17.0, 17.0, 9.0, 9.0, 14.0, 14.0, 30.0, 30.0, 18.0, 18.0, 8.0, 8.0, 9.0, 17.0, 11.0, 0.0, 15.0, 26.0, 18.0, 18.0, 19.0, 19.0, 20.0, 17.0, 16.0, 16.0, 17.0, 28.0, 0.0, 0.0, 12.0, 11.0, 0.0, 13.0, 0.0, 0.0, 0.0, 0.0, 13.0, 14.0, 0.0, 18.0, 11.0, 12.0, 0.0, 0.0, 13.0, 0.0, 0.0, 18.0, 13.0, 14.0, 0.0, 0.0, 0.0, 0.0]
Assigning bandwidth : 0 [13, 7, 8, 9] 11.0
Assigning bandwidth : 0 [13, 7, 8, 9] 0.0
Assigning bandwidth : 2 [0] 0.0
Assigning bandwidth : 2 [4, 0] 11.0
Assigning bandwidth : 4 [3, 8] 5.0
Assigning bandwidth : 4 [3, 0, 8] 8.0
Assigning bandwidth : 5 [13, 7, 4] 0.0
Assigning bandwidth : 5 [3, 4] 4.0
Assigning bandwidth : 6 [7] 0.0
Assigning bandwidth : 6 [10, 3, 8, 7] 3.0
[25.0, 25.0, 8.0, 8.0, 20.0, 20.0, 22.0, 22.0, 25.0, 25.0, 7.0, 7.0, 13.0, 13.0, 21.0, 21.0, 22.0, 22.0, 15.0, 15.0, 27.0, 27.0, 12.0, 12.0, 8.0, 8.0, 23.0, 23.0, 22.0, 22.0, 17.0, 17.0, 9.0, 9.0, 14.0, 14.0, 30.0, 30.0, 18.0, 18.0, 8.0, 8.0, 20.0, 20.0, 11.0, 11.0, 26.0, 26.0, 18.0, 18.0, 19.0, 19.0, 20.0, 20.0, 16.0, 16.0, 28.0, 28.0, 0.0, 0.0, 0.0, 11.0, 0.0, 13.0, 0.0, 0.0, 0.0, 0.0, 13.0, 14.0, 0.0, 18.0, 11.0, 0.0, 0.0, 0.0, 13.0, 0.0, 0.0, 18.0, 13.0, 14.0, 0.0, 0.0, 0.0, 0.0]
[25.0, 25.0, 8.0, 0.0, 20.0, 9.0, 14.0, 22.0, 25.0, 25.0, 7.0, 7.0, 13.0, 13.0, 21.0, 21.0, 22.0, 22.0, 0.0, 15.0, 27.0, 14.0, 12.0, 12.0, 0.0, 8.0, 23.0, 16.0, 22.0, 22.0, 17.0, 17.0, 9.0, 9.0, 14.0, 14.0, 30.0, 30.0, 18.0, 18.0, 8.0, 8.0, 9.0, 17.0, 11.0, 0.0, 15.0, 26.0, 18.0, 18.0, 19.0, 19.0, 20.0, 17.0, 16.0, 16.0, 17.0, 28.0, 0.0, 0.0, 0.0, 11.0, 0.0, 13.0, 0.0, 0.0, 0.0, 0.0, 13.0, 14.0, 0.0, 18.0, 11.0, 0.0, 0.0, 0.0, 13.0, 0.0, 0.0, 18.0, 13.0, 14.0, 0.0, 0.0, 0.0, 0.0]
Assigning bandwidth : 2 [0] 0.0
Assigning bandwidth : 2 [4, 0] 11.0
Assigning bandwidth : 4 [3, 8] 5.0
Assigning bandwidth : 4 [3, 0, 8] 8.0
Assigning bandwidth : 5 [13, 7, 4] 0.0
Assigning bandwidth : 5 [3, 4] 4.0
Assigning bandwidth : 6 [7] 11.0
Assigning bandwidth : 6 [10, 3, 8, 7] 3.0
[25.0, 25.0, 8.0, 8.0, 20.0, 20.0, 22.0, 22.0, 25.0, 25.0, 7.0, 7.0, 13.0, 13.0, 21.0, 21.0, 22.0, 22.0, 15.0, 15.0, 27.0, 27.0, 12.0, 12.0, 8.0, 8.0, 23.0, 23.0, 22.0, 22.0, 17.0, 17.0, 9.0, 9.0, 14.0, 14.0, 30.0, 30.0, 18.0, 18.0, 8.0, 8.0, 20.0, 20.0, 11.0, 11.0, 26.0, 26.0, 18.0, 18.0, 19.0, 19.0, 20.0, 20.0, 16.0, 16.0, 28.0, 28.0, 0.0, 0.0, 0.0, 11.0, 0.0, 13.0, 0.0, 0.0, 0.0, 0.0, 13.0, 0.0, 0.0, 18.0, 11.0, 0.0, 0.0, 0.0, 13.0, 0.0, 0.0, 18.0, 13.0, 0.0, 0.0, 0.0, 0.0, 0.0]
[25.0, 25.0, 8.0, 0.0, 20.0, 9.0, 14.0, 22.0, 25.0, 25.0, 7.0, 7.0, 13.0, 13.0, 21.0, 21.0, 22.0, 22.0, 0.0, 15.0, 27.0, 14.0, 12.0, 12.0, 0.0, 8.0, 23.0, 16.0, 22.0, 22.0, 17.0, 17.0, 9.0, 9.0, 14.0, 14.0, 30.0, 30.0, 18.0, 18.0, 8.0, 8.0, 20.0, 17.0, 11.0, 0.0, 26.0, 26.0, 18.0, 18.0, 19.0, 19.0, 20.0, 17.0, 16.0, 16.0, 28.0, 28.0, 0.0, 0.0, 0.0, 11.0, 0.0, 13.0, 0.0, 0.0, 0.0, 0.0, 13.0, 0.0, 0.0, 18.0, 11.0, 0.0, 0.0, 0.0, 13.0, 0.0, 0.0, 18.0, 13.0, 0.0, 0.0, 0.0, 0.0, 0.0]
Assigning bandwidth : 2 [0] 3.0
Assigning bandwidth : 2 [4, 0] 8.0
Assigning bandwidth : 4 [3, 8] 8.0
Assigning bandwidth : 4 [3, 0, 8] 5.0
Assigning bandwidth : 5 [13, 7, 4] 11.0
Assigning bandwidth : 5 [3, 4] 2.0
[25.0, 25.0, 8.0, 8.0, 20.0, 20.0, 22.0, 22.0, 25.0, 25.0, 7.0, 7.0, 13.0, 13.0, 21.0, 21.0, 22.0, 22.0, 15.0, 15.0, 27.0, 27.0, 12.0, 12.0, 8.0, 8.0, 23.0, 23.0, 22.0, 22.0, 17.0, 17.0, 9.0, 9.0, 14.0, 14.0, 30.0, 30.0, 18.0, 18.0, 8.0, 8.0, 20.0, 20.0, 11.0, 11.0, 26.0, 26.0, 18.0, 18.0, 19.0, 19.0, 20.0, 20.0, 16.0, 16.0, 28.0, 28.0, 0.0, 0.0, 0.0, 11.0, 0.0, 13.0, 0.0, 0.0, 0.0, 0.0, 13.0, 0.0, 0.0, 0.0, 11.0, 0.0, 0.0, 0.0, 13.0, 0.0, 0.0, 0.0, 13.0, 0.0, 0.0, 0.0, 0.0, 0.0]
[25.0, 25.0, 8.0, 0.0, 20.0, 12.0, 17.0, 22.0, 25.0, 25.0, 7.0, 7.0, 13.0, 13.0, 21.0, 21.0, 22.0, 22.0, 5.0, 15.0, 27.0, 14.0, 12.0, 12.0, 0.0, 8.0, 23.0, 21.0, 22.0, 22.0, 17.0, 17.0, 9.0, 9.0, 14.0, 3.0, 30.0, 30.0, 18.0, 18.0, 8.0, 8.0, 20.0, 20.0, 11.0, 0.0, 26.0, 26.0, 18.0, 18.0, 19.0, 19.0, 9.0, 20.0, 16.0, 16.0, 28.0, 28.0, 0.0, 0.0, 0.0, 11.0, 0.0, 13.0, 0.0, 0.0, 0.0, 0.0, 13.0, 0.0, 0.0, 0.0, 11.0, 0.0, 0.0, 0.0, 13.0, 0.0, 0.0, 0.0, 13.0, 0.0, 0.0, 0.0, 0.0, 0.0]
Assigning bandwidth : 4 [3, 8] 8.0
Assigning bandwidth : 4 [3, 0, 8] 5.0
Assigning bandwidth : 5 [13, 7, 4] 11.0
Assigning bandwidth : 5 [3, 4] 2.0
[25.0, 25.0, 8.0, 8.0, 20.0, 20.0, 22.0, 22.0, 25.0, 25.0, 7.0, 7.0, 13.0, 13.0, 21.0, 21.0, 22.0, 22.0, 15.0, 15.0, 27.0, 27.0, 12.0, 12.0, 8.0, 8.0, 23.0, 23.0, 22.0, 22.0, 17.0, 17.0, 9.0, 9.0, 14.0, 14.0, 30.0, 30.0, 18.0, 18.0, 8.0, 8.0, 20.0, 20.0, 11.0, 11.0, 26.0, 26.0, 18.0, 18.0, 19.0, 19.0, 20.0, 20.0, 16.0, 16.0, 28.0, 28.0, 0.0, 0.0, 0.0, 0.0, 0.0, 13.0, 0.0, 0.0, 0.0, 0.0, 13.0, 0.0, 0.0, 0.0, 0.0, 0.0, 0.0, 0.0, 13.0, 0.0, 0.0, 0.0, 13.0, 0.0, 0.0, 0.0, 0.0, 0.0]
[25.0, 25.0, 8.0, 3.0, 20.0, 20.0, 17.0, 22.0, 25.0, 25.0, 7.0, 7.0, 13.0, 13.0, 21.0, 21.0, 22.0, 22.0, 13.0, 15.0, 27.0, 14.0, 12.0, 12.0, 0.0, 8.0, 23.0, 21.0, 22.0, 22.0, 17.0, 17.0, 9.0, 9.0, 14.0, 3.0, 30.0, 30.0, 18.0, 18.0, 8.0, 8.0, 20.0, 20.0, 11.0, 0.0, 26.0, 26.0, 18.0, 18.0, 19.0, 19.0, 9.0, 20.0, 16.0, 16.0, 28.0, 28.0, 0.0, 0.0, 0.0, 0.0, 0.0, 13.0, 0.0, 0.0, 0.0, 0.0, 13.0, 0.0, 0.0, 0.0, 0.0, 0.0, 0.0, 0.0, 13.0, 0.0, 0.0, 0.0, 13.0, 0.0, 0.0, 0.0, 0.0, 0.0]
Assigning bandwidth : 4 [3, 8] 8.0
Assigning bandwidth : 4 [3, 0, 8] 5.0
[25.0, 25.0, 8.0, 8.0, 20.0, 20.0, 22.0, 22.0, 25.0, 25.0, 7.0, 7.0, 13.0, 13.0, 21.0, 21.0, 22.0, 22.0, 15.0, 15.0, 27.0, 27.0, 12.0, 12.0, 8.0, 8.0, 23.0, 23.0, 22.0, 22.0, 17.0, 17.0, 9.0, 9.0, 14.0, 14.0, 30.0, 30.0, 18.0, 18.0, 8.0, 8.0, 20.0, 20.0, 11.0, 11.0, 26.0, 26.0, 18.0, 18.0, 19.0, 19.0, 20.0, 20.0, 16.0, 16.0, 28.0, 28.0, 0.0, 0.0, 0.0, 0.0, 0.0, 13.0, 0.0, 0.0, 0.0, 0.0, 0.0, 0.0, 0.0, 0.0, 0.0, 0.0, 0.0, 0.0, 0.0, 0.0, 0.0, 0.0, 13.0, 0.0, 0.0, 0.0, 0.0, 0.0]
[25.0, 25.0, 8.0, 3.0, 20.0, 20.0, 17.0, 22.0, 25.0, 25.0, 7.0, 7.0, 13.0, 13.0, 21.0, 21.0, 22.0, 22.0, 15.0, 15.0, 27.0, 14.0, 12.0, 12.0, 0.0, 8.0, 23.0, 23.0, 22.0, 22.0, 17.0, 17.0, 9.0, 9.0, 14.0, 14.0, 30.0, 30.0, 18.0, 18.0, 8.0, 8.0, 20.0, 20.0, 11.0, 11.0, 26.0, 26.0, 18.0, 18.0, 19.0, 19.0, 20.0, 20.0, 16.0, 16.0, 28.0, 28.0, 0.0, 0.0, 0.0, 0.0, 0.0, 13.0, 0.0, 0.0, 0.0, 0.0, 0.0, 0.0, 0.0, 0.0, 0.0, 0.0, 0.0, 0.0, 0.0, 0.0, 0.0, 0.0, 13.0, 0.0, 0.0, 0.0, 0.0, 0.0]
[25.0, 25.0, 8.0, 8.0, 20.0, 20.0, 22.0, 22.0, 25.0, 25.0, 7.0, 7.0, 13.0, 13.0, 21.0, 21.0, 22.0, 22.0, 15.0, 15.0, 27.0, 27.0, 12.0, 12.0, 8.0, 8.0, 23.0, 23.0, 22.0, 22.0, 17.0, 17.0, 9.0, 9.0, 14.0, 14.0, 30.0, 30.0, 18.0, 18.0, 8.0, 8.0, 20.0, 20.0, 11.0, 11.0, 26.0, 26.0, 18.0, 18.0, 19.0, 19.0, 20.0, 20.0, 16.0, 16.0, 28.0, 28.0, 0.0, 0.0, 0.0, 0.0, 0.0, 0.0, 0.0, 0.0, 0.0, 0.0, 0.0, 0.0, 0.0, 0.0, 0.0, 0.0, 0.0, 0.0, 0.0, 0.0, 0.0, 0.0, 0.0, 0.0, 0.0, 0.0, 0.0, 0.0]
[25.0, 25.0, 8.0, 8.0, 20.0, 20.0, 22.0, 22.0, 25.0, 25.0, 7.0, 7.0, 13.0, 13.0, 21.0, 21.0, 22.0, 22.0, 15.0, 15.0, 27.0, 27.0, 12.0, 12.0, 8.0, 8.0, 23.0, 23.0, 22.0, 22.0, 17.0, 17.0, 9.0, 9.0, 14.0, 14.0, 30.0, 30.0, 18.0, 18.0, 8.0, 8.0, 20.0, 20.0, 11.0, 11.0, 26.0, 26.0, 18.0, 18.0, 19.0, 19.0, 20.0, 20.0, 16.0, 16.0, 28.0, 28.0, 0.0, 0.0, 0.0, 0.0, 0.0, 0.0, 0.0, 0.0, 0.0, 0.0, 0.0, 0.0, 0.0, 0.0, 0.0, 0.0, 0.0, 0.0, 0.0, 0.0, 0.0, 0.0, 0.0, 0.0, 0.0, 0.0, 0.0, 0.0]
Maximise 0 [3, 0, 10, 13, 11]
Maximise 0 [11]
Assigning bandwidth : 0 [3, 0, 10, 13, 11] 8.0
Assigning bandwidth : 0 [11] 9.0
[25.0, 25.0, 8.0, 8.0, 20.0, 20.0, 22.0, 22.0, 25.0, 25.0, 7.0, 7.0, 13.0, 13.0, 21.0, 21.0, 22.0, 22.0, 15.0, 15.0, 27.0, 27.0, 12.0, 12.0, 8.0, 8.0, 23.0, 23.0, 22.0, 22.0, 17.0, 17.0, 9.0, 9.0, 14.0, 14.0, 30.0, 30.0, 18.0, 18.0, 8.0, 8.0, 20.0, 20.0, 11.0, 11.0, 26.0, 26.0, 18.0, 18.0, 19.0, 19.0, 20.0, 20.0, 16.0, 16.0, 28.0, 28.0, 0.0, 0.0, 0.0, 0.0, 0.0, 0.0, 0.0, 0.0, 0.0, 0.0, 0.0, 0.0, 17.0, 0.0, 0.0, 0.0, 0.0, 0.0, 0.0, 0.0, 0.0, 0.0, 0.0, 0.0, 0.0, 17.0, 0.0, 0.0]
[25.0, 25.0, 8.0, 0.0, 20.0, 20.0, 22.0, 22.0, 17.0, 25.0, 7.0, 7.0, 13.0, 13.0, 21.0, 21.0, 22.0, 22.0, 15.0, 15.0, 27.0, 27.0, 12.0, 12.0, 8.0, 8.0, 23.0, 23.0, 22.0, 14.0, 17.0, 17.0, 9.0, 9.0, 14.0, 14.0, 30.0, 30.0, 18.0, 18.0, 8.0, 8.0, 20.0, 20.0, 11.0, 11.0, 26.0, 26.0, 18.0, 18.0, 19.0, 19.0, 12.0, 20.0, 16.0, 7.0, 28.0, 20.0, 0.0, 0.0, 0.0, 0.0, 0.0, 0.0, 0.0, 0.0, 0.0, 0.0, 0.0, 0.0, 17.0, 0.0, 0.0, 0.0, 0.0, 0.0, 0.0, 0.0, 0.0, 0.0, 0.0, 0.0, 0.0, 17.0, 0.0, 0.0]
Maximise 1 [3, 8, 9]
Maximise 1 [0, 8, 9]
Assigning bandwidth : 0 [3, 0, 10, 13, 11] 8.0
Assigning bandwidth : 0 [11] 9.0
Assigning bandwidth : 1 [3, 8, 9] 8.0
Assigning bandwidth : 1 [0, 8, 9] 9.0
[25.0, 25.0, 8.0, 8.0, 20.0, 20.0, 22.0, 22.0, 25.0, 25.0, 7.0, 7.0, 13.0, 13.0, 21.0, 21.0, 22.0, 22.0, 15.0, 15.0, 27.0, 27.0, 12.0, 12.0, 8.0, 8.0, 23.0, 23.0, 22.0, 22.0, 17.0, 17.0, 9.0, 9.0, 14.0, 14.0, 30.0, 30.0, 18.0, 18.0, 8.0, 8.0, 20.0, 20.0, 11.0, 11.0, 26.0, 26.0, 18.0, 18.0, 19.0, 19.0, 20.0, 20.0, 16.0, 16.0, 28.0, 28.0, 0.0, 0.0, 0.0, 0.0, 0.0, 0.0, 0.0, 0.0, 0.0, 0.0, 17.0, 0.0, 17.0, 0.0, 0.0, 0.0, 0.0, 0.0, 0.0, 0.0, 0.0, 0.0, 0.0, 17.0, 0.0, 17.0, 0.0, 0.0]
[25.0, 25.0, 8.0, 0.0, 20.0, 20.0, 13.0, 22.0, 17.0, 16.0, 7.0, 7.0, 13.0, 13.0, 21.0, 21.0, 22.0, 22.0, 15.0, 15.0, 27.0, 27.0, 12.0, 12.0, 0.0, 8.0, 23.0, 15.0, 22.0, 14.0, 17.0, 17.0, 9.0, 9.0, 14.0, 14.0, 30.0, 30.0, 18.0, 18.0, 8.0, 8.0, 20.0, 20.0, 11.0, 11.0, 9.0, 26.0, 18.0, 18.0, 19.0, 19.0, 12.0, 20.0, 16.0, 7.0, 28.0, 20.0, 0.0, 0.0, 0.0, 0.0, 0.0, 0.0, 0.0, 0.0, 0.0, 0.0, 17.0, 0.0, 17.0, 0.0, 0.0, 0.0, 0.0, 0.0, 0.0, 0.0, 0.0, 0.0, 0.0, 17.0, 0.0, 17.0, 0.0, 0.0]
Maximise 2 [8, 6, 7]
Maximise 2 [8, 7]
Assigning bandwidth : 0 [3, 0, 10, 13, 11] 8.0
Assigning bandwidth : 0 [11] 9.0
Assigning bandwidth : 1 [3, 8, 9] 8.0
Assigning bandwidth : 1 [0, 8, 9] 9.0
Assigning bandwidth : 2 [8, 6, 7] 8.0
Assigning bandwidth : 2 [8, 7] 4.0
[25.0, 25.0, 8.0, 8.0, 20.0, 20.0, 22.0, 22.0, 25.0, 25.0, 7.0, 7.0, 13.0, 13.0, 21.0, 21.0, 22.0, 22.0, 15.0, 15.0, 27.0, 27.0, 12.0, 12.0, 8.0, 8.0, 23.0, 23.0, 22.0, 22.0, 17.0, 17.0, 9.0, 9.0, 14.0, 14.0, 30.0, 30.0, 18.0, 18.0, 8.0, 8.0, 20.0, 20.0, 11.0, 11.0, 26.0, 26.0, 18.0, 18.0, 19.0, 19.0, 20.0, 20.0, 16.0, 16.0, 28.0, 28.0, 0.0, 0.0, 0.0, 0.0, 12.0, 0.0, 0.0, 0.0, 0.0, 0.0, 17.0, 0.0, 17.0, 0.0, 0.0, 0.0, 0.0, 0.0, 0.0, 0.0, 0.0, 12.0, 0.0, 17.0, 0.0, 17.0, 0.0, 0.0]
[25.0, 25.0, 8.0, 0.0, 20.0, 20.0, 13.0, 22.0, 17.0, 16.0, 7.0, 7.0, 13.0, 13.0, 21.0, 21.0, 22.0, 22.0, 15.0, 15.0, 27.0, 27.0, 12.0, 12.0, 0.0, 8.0, 23.0, 15.0, 22.0, 14.0, 17.0, 17.0, 9.0, 9.0, 14.0, 14.0, 18.0, 30.0, 10.0, 18.0, 8.0, 0.0, 20.0, 16.0, 11.0, 11.0, 9.0, 26.0, 18.0, 18.0, 19.0, 19.0, 12.0, 20.0, 16.0, 7.0, 28.0, 20.0, 0.0, 0.0, 0.0, 0.0, 12.0, 0.0, 0.0, 0.0, 0.0, 0.0, 17.0, 0.0, 17.0, 0.0, 0.0, 0.0, 0.0, 0.0, 0.0, 0.0, 0.0, 12.0, 0.0, 17.0, 0.0, 17.0, 0.0, 0.0]
Maximise 3 [7, 8, 0]
Maximise 3 [7, 4, 0]
Assigning bandwidth : 0 [3, 0, 10, 13, 11] 8.0
Assigning bandwidth : 0 [11] 9.0
Assigning bandwidth : 1 [3, 8, 9] 8.0
Assigning bandwidth : 1 [0, 8, 9] 9.0
Assigning bandwidth : 2 [8, 6, 7] 8.0
Assigning bandwidth : 2 [8, 7] 4.0
Assigning bandwidth : 3 [7, 8, 0] 11.0
Assigning bandwidth : 3 [7, 4, 0] 0.0
[25.0, 25.0, 8.0, 8.0, 20.0, 20.0, 22.0, 22.0, 25.0, 25.0, 7.0, 7.0, 13.0, 13.0, 21.0, 21.0, 22.0, 22.0, 15.0, 15.0, 27.0, 27.0, 12.0, 12.0, 8.0, 8.0, 23.0, 23.0, 22.0, 22.0, 17.0, 17.0, 9.0, 9.0, 14.0, 14.0, 30.0, 30.0, 18.0, 18.0, 8.0, 8.0, 20.0, 20.0, 11.0, 11.0, 26.0, 26.0, 18.0, 18.0, 19.0, 19.0, 20.0, 20.0, 16.0, 16.0, 28.0, 28.0, 0.0, 0.0, 0.0, 0.0, 12.0, 0.0, 0.0, 0.0, 0.0, 0.0, 17.0, 0.0, 17.0, 18.0, 18.0, 0.0, 0.0, 0.0, 0.0, 0.0, 0.0, 12.0, 0.0, 17.0, 0.0, 17.0, 0.0, 0.0]
[25.0, 25.0, 8.0, 0.0, 20.0, 20.0, 13.0, 11.0, 17.0, 16.0, 7.0, 7.0, 13.0, 13.0, 21.0, 21.0, 22.0, 22.0, 15.0, 15.0, 27.0, 27.0, 12.0, 12.0, 0.0, 8.0, 23.0, 15.0, 22.0, 14.0, 17.0, 17.0, 9.0, 9.0, 14.0, 14.0, 18.0, 30.0, 10.0, 18.0, 8.0, 0.0, 9.0, 16.0, 11.0, 0.0, 9.0, 26.0, 18.0, 18.0, 19.0, 19.0, 12.0, 20.0, 16.0, 7.0, 28.0, 20.0, 0.0, 0.0, 0.0, 0.0, 12.0, 0.0, 0.0, 0.0, 0.0, 0.0, 17.0, 0.0, 17.0, 18.0, 18.0, 0.0, 0.0, 0.0, 0.0, 0.0, 0.0, 12.0, 0.0, 17.0, 0.0, 17.0, 0.0, 0.0]
